108170	2
108413	2
108669	2
108932	2
109204	2
109471	2
109733	2
109990	2
110249	2
110499	2
110744	2
111002	2
111264	2
111537	2
111802	2
112058	2
112308	2
112571	2
112822	2
113075	2
113340	2
113606	2
113882	2
114147	2
114398	2
114643	2
114906	2
115161	2
115415	2
115684	2
115948	2
116217	2
116479	2
116730	2
116974	2
117241	2
117501	2
117761	2
118027	2
118288	2
118544	2
118796	2
119037	2
119274	2
119531	2
119787	2
120043	2
120291	2
120536	2
120780	2
121016	2
121243	2
121470	2
121700	2
121954	2
122191	2
122430	2
122662	2
122891	2
123119	2
123354	2
123576	2
123801	2
124037	2
124289	2
124527	2
124758	2
124992	2
125221	2
125452	2
125687	2
125917	2
126151	2
126397	2
126651	2
126892	2
127121	2
127352	2
127580	2
127816	2
128056	2
128296	2
128538	2
128793	2
129048	2
129294	2
129525	2
129760	2
129994	2
130240	2
130488	2
130741	2
130993	2
131256	2
131506	2
131744	2
131981	2
132222	2
132476	2
132741	2
132996	2
133250	2
133515	2
133773	2
134018	2
134258	2
134509	2
134764	2
135034	2
135297	2
135553	2
135813	2
136072	2
136320	2
136563	2
136816	2
137075	2
137345	2
137610	2
137869	2
138115	2
138373	2
138619	2
138861	2
139114	2
139374	2
139644	2
139912	2
140166	2
140407	2
140659	2
140909	2
141162	2
141414	2
141678	2
141943	2
142204	2
142448	2
142689	2
142936	2
143190	2
143442	2
143696	2
143957	2
144210	2
144467	2
144712	2
144953	2
145195	2
145456	2
145712	2
145970	2
146230	2
146487	2
146742	2
146996	2
147243	2
147484	2
147751	2
148021	2
148283	2
148538	2
148793	2
149045	2
149298	2
149541	2
149787	2
150053	2
150325	2
150588	2
150837	2
151089	2
151337	2
151588	2
151835	2
152086	2
152353	2
152624	2
152885	2
153073	5
153378	2
153620	2
153876	2
154125	2
154320	5
154645	2
154916	2
155173	2
155416	2
155658	2
155897	2
156145	2
156400	2
156654	2
156905	2
157169	2
157415	2
157652	2
157890	2
158132	2
158383	2
158645	2
158907	2
159161	2
159426	2
159680	2
159922	2
160162	2
160411	2
160669	2
160938	2
161197	2
161453	2
161715	2
161968	2
162216	2
162457	2
162710	2
162969	2
163241	2
163502	2
163754	2
164009	2
164266	2
164516	2
164761	2
165020	2
165283	2
165554	2
165816	2
166067	2
166318	2
166576	2
166826	2
167072	2
167334	2
167597	2
167867	2
168129	2
168380	2
168627	2
168890	2
169145	2
169401	2
169670	2
169935	2
170205	2
170463	2
170716	2
170963	2
171224	2
171483	2
171744	2
172008	2
172269	2
172533	2
172790	2
173036	2
173277	2
173538	2
173801	2
174063	2
174318	2
174577	2
174827	2
175075	2
175314	2
175554	2
175812	2
176053	5
176340	2
176589	2
176845	2
177087	2
177336	2
177584	2
177830	2
178083	2
178355	2
178614	2
178862	2
179104	2
179345	2
179591	2
179842	2
180088	2
180336	2
180600	2
180868	2
181124	2
181362	2
181609	2
181857	2
182114	2
182370	2
182630	2
182903	2
183174	2
183431	2
183625	5
183929	2
184183	2
184458	2
184723	2
184987	2
185262	2
185529	2
185780	2
186028	2
186282	2
186539	2
186812	2
187078	2
187339	2
187607	2
187865	2
188115	2
188362	2
188618	2
188885	2
189164	2
189427	2
189684	2
189945	2
190198	2
190399	5
190692	2
190951	2
191227	2
191500	2
191760	2
192010	2
192270	2
192520	2
192767	2
193018	2
193280	2
193549	2
193819	2
194071	2
194311	2
194565	2
194815	2
195063	2
195318	2
195583	2
195849	2
196117	2
196368	2
196608	2
196858	2
197115	2
197372	2
197625	2
197891	2
198154	2
198417	2
198665	2
198909	2
199164	2
199430	2
199697	2
199961	2
200231	2
200498	2
200760	2
201008	2
201258	2
201518	2
201788	2
202057	2
202321	2
202589	2
202846	2
203108	2
203359	2
203612	2
203878	2
204157	2
204429	2
204695	2
204959	2
205213	2
205475	2
205731	2
205987	2
206260	2
206543	2
206813	2
207070	2
207330	2
207584	2
207843	2
208101	2
208364	2
208637	2
208914	2
209177	2
209424	2
209676	2
209925	2
210182	2
210440	2
210703	2
210971	2
211240	2
211497	2
211742	2
211989	2
212237	2
212501	2
212767	2
213029	2
213291	2
213561	2
213813	2
214056	2
214307	2
214560	2
214832	2
215102	2
215364	2
215628	2
215898	2
216148	2
216394	2
216588	5
216910	2
217182	2
217454	2
217715	2
217973	2
218236	2
218488	2
218734	2
218995	2
219262	2
219535	2
219757	5
220055	2
220309	2
220573	2
220825	2
221078	2
221341	2
221609	2
221881	2
222140	2
222387	2
222640	2
222899	2
223153	2
223408	2
223676	2
223941	2
224213	2
224467	2
224712	2
224968	2
225228	2
225490	2
225751	2
226023	2
226290	2
226556	2
226806	2
227051	2
227308	2
227572	2
227839	2
228102	2
228371	2
228637	2
228897	2
229145	2
229393	2
229656	2
229926	2
230196	2
230457	2
230720	2
230981	2
231241	2
231487	2
231733	2
232004	2
232276	2
232540	2
232801	2
233057	2
233309	2
233565	2
233810	2
234057	2
234325	2
234598	2
234817	5
235114	2
235368	2
235619	2
235873	2
236129	2
236388	2
236658	2
236935	2
237202	2
237453	2
237706	2
237957	2
238216	2
238480	2
238745	2
239015	2
239291	2
239552	2
239798	2
240048	2
240300	2
240566	2
240832	2
241100	2
241369	2
241639	2
241892	2
242139	2
242393	2
242647	2
242921	2
243190	2
243455	2
243720	2
243987	2
244239	2
244486	2
244746	2
245007	2
245285	2
245497	5
245821	2
246078	2
246347	2
246602	2
246851	2
247116	2
247385	2
247661	2
247925	2
248180	2
248436	2
248697	2
248953	2
249205	2
249473	2
249742	2
250015	2
250274	2
250523	2
250783	2
251042	2
251302	2
251565	2
251836	2
252111	2
252382	2
252633	2
252877	2
253136	2
253394	2
253656	2
253918	2
254185	2
254451	2
254717	2
254968	2
255210	2
255470	2
255734	2
255998	2
256259	2
256525	2
256788	2
257046	2
257296	2
257544	2
257811	2
258079	2
258345	2
258610	2
258872	2
259133	2
259388	2
259638	2
259890	2
260164	2
260434	2
260699	2
260963	2
261216	2
261472	2
261727	2
261978	2
262234	2
262510	2
262779	2
263034	2
263291	2
263540	2
263795	2
264053	2
264308	2
264571	2
264853	2
265122	2
265377	2
265629	2
265879	2
266135	2
266394	2
266657	2
266924	2
267202	2
267466	2
267717	2
267966	2
268216	2
268477	2
268745	2
269013	2
269275	2
269549	2
269803	2
270050	2
270296	2
270544	2
270806	2
271082	2
271346	2
271603	2
271869	2
272122	2
272369	2
272611	2
272866	2
273127	2
273399	2
273662	2
273913	2
274172	2
274427	2
274674	2
274921	2
275180	2
275442	2
275710	2
275971	2
276224	2
276472	2
276727	2
276977	2
277225	2
277488	2
277754	2
278027	2
278288	2
278541	2
278792	2
279055	2
279313	2
279570	2
279840	2
280108	2
280381	2
280638	2
280885	2
281142	2
281405	2
281667	2
281930	2
282201	2
282465	2
282731	2
282983	2
283229	2
283489	2
283756	2
284024	2
284287	2
284558	2
284819	2
285077	2
285326	2
285572	2
285832	2
286102	2
286371	2
286632	2
286896	2
287154	2
287411	2
287660	2
287909	2
288177	2
288451	2
288719	2
288979	2
289235	2
289490	2
289748	2
289999	2
290249	2
290525	2
290795	2
291056	2
291317	2
291569	2
291824	2
292083	2
292340	2
292598	2
292876	2
293145	2
293402	2
293656	2
293906	2
294162	2
294421	2
294683	2
294946	2
295223	2
295490	2
295742	2
295989	2
296240	2
296499	2
296764	2
297027	2
297292	2
297570	2
297829	2
298077	2
298327	2
298579	2
298842	2
299112	2
299379	2
299643	2
299916	2
300169	2
300414	2
300663	2
300916	2
301179	2
301454	2
301721	2
301976	2
302239	2
302491	2
302739	2
302989	2
303249	2
303521	2
303797	2
304062	2
304315	2
304544	5
304828	2
305081	2
305338	2
305607	2
305882	2
306154	2
306417	2
306667	2
306926	2
307182	2
307441	2
307704	2
307976	2
308249	2
308521	2
308774	2
309021	2
309279	2
309537	2
309800	2
310068	2
310336	2
310604	2
310868	2
311116	2
311362	2
311620	2
311885	2
312150	2
312411	2
312678	2
312935	2
313193	2
313439	2
313683	2
313946	2
314217	2
314483	2
314745	2
315007	2
315265	2
315520	2
315769	2
316019	2
316291	2
316560	2
316828	2
317091	2
317348	2
317605	2
317865	2
318119	2
318376	2
318655	2
318926	2
319189	2
319449	2
319698	2
319955	2
320215	2
320471	2
320733	2
321013	2
321279	2
321532	2
321783	2
322032	2
322287	2
322546	2
322806	2
323069	2
323346	2
323608	2
323854	2
324102	2
324348	2
324606	2
324863	2
325127	2
325390	2
325663	2
325921	2
326168	2
326418	2
326665	2
326927	2
327194	2
327459	2
327720	2
327989	2
328241	2
328483	2
328729	2
328976	2
329240	2
329510	2
329771	2
330027	2
330238	5
330544	2
330783	2
331035	2
331289	2
331553	2
331822	2
332084	2
332333	2
332588	2
332834	2
333079	2
333325	2
333583	2
333849	2
334119	2
334379	2
334628	2
334878	2
335129	2
335379	2
335577	5
335894	2
336155	2
336427	2
336679	2
336925	2
337174	2
337432	2
337684	2
337937	2
338204	2
338466	2
338733	2
338986	2
339233	2
339483	2
339746	2
340006	2
340265	2
340537	2
340799	2
341061	2
341315	2
341564	2
341814	2
342084	2
342352	2
342614	2
342881	2
343141	2
343399	2
343653	2
343904	2
344157	2
344434	2
344707	2
344968	2
345230	2
345483	2
345743	2
345995	2
346247	2
346509	2
346791	2
347061	2
347321	2
347578	2
347826	2
348082	2
348333	2
348588	2
348854	2
349133	2
349398	2
349650	2
349905	2
350152	2
350408	2
350665	2
350928	2
351196	2
351474	2
351738	2
351988	2
352239	2
352491	2
352751	2
353014	2
353279	2
353550	2
353822	2
354079	2
354325	2
354578	2
354835	2
355103	2
355367	2
355629	2
355901	2
356162	2
356410	2
356655	2
356907	2
357164	2
357438	2
357706	2
357967	2
358240	2
358499	2
358750	2
359002	2
359263	2
359534	2
359814	2
360084	2
360344	2
360610	2
360866	2
361115	2
361369	2
361632	2
361908	2
362183	2
362448	2
362704	2
362970	2
363223	2
363474	2
363734	2
364000	2
364273	2
364542	2
364798	2
365047	2
365307	2
365556	2
365806	2
366071	2
366335	2
366603	2
366869	2
367122	2
367366	2
367622	2
367876	2
368133	2
368395	2
368662	2
368927	2
369191	2
369439	2
369685	2
369944	2
370209	2
370475	2
370736	2
370975	5
371268	2
371522	2
371772	2
372019	2
372280	2
372548	2
372816	2
373076	2
373339	2
373595	2
373849	2
374076	5
374345	2
374608	2
374883	2
375151	2
375410	2
375666	2
375914	2
376168	2
376419	2
376670	2
376938	2
377215	2
377480	2
377732	2
377985	2
378232	2
378486	2
378741	2
378998	2
379269	2
379545	2
379805	2
380052	2
380303	2
380553	2
380810	2
381071	2
381279	5
381610	2
381884	2
382146	2
382394	2
382645	2
382901	2
383166	2
383430	2
383693	2
383961	2
384226	2
384477	2
384723	2
384973	2
385229	2
385503	2
385769	2
386028	2
386294	2
386550	2
386797	2
387039	2
387292	2
387553	2
387823	2
388088	2
388344	2
388606	2
388860	2
389109	2
389356	2
389616	2
389886	2
390162	2
390426	2
390679	2
390938	2
391190	2
391441	2
391694	2
391914	5
392227	2
392499	2
392759	2
393005	2
393261	2
393515	2
393767	2
394022	2
394289	2
394504	5
394830	2
395080	2
395327	2
395585	2
395841	2
396095	2
396355	2
396621	2
396888	2
397153	2
397405	2
397650	2
397907	2
398167	2
398397	5
398697	2
398963	2
399230	2
399489	2
399738	2
399984	2
400241	2
400506	2
400776	2
401038	2
401302	2
401561	2
401819	2
402068	2
402317	2
402578	2
402852	2
403119	2
403378	2
403636	2
403885	2
404138	2
404387	2
404639	2
404902	2
405181	2
405444	2
405700	2
405954	2
406199	2
406453	2
406708	2
406966	2
407229	2
407507	2
407773	2
407958	5
408273	2
408519	2
408781	2
409041	2
409309	2
409574	2
409853	2
410115	2
410362	2
410612	2
410862	2
411125	2
411350	5
411657	2
411923	2
412201	2
412454	2
412699	2
412950	2
413201	2
413467	2
413733	2
413996	2
414260	2
414527	2
414773	2
415016	2
415265	2
415517	2
415783	2
416051	2
416313	2
416568	2
416829	2
417077	2
417320	2
417571	2
417828	2
418098	2
418365	2
418624	2
418875	2
419132	2
419380	2
419624	2
419877	2
420137	2
420372	5
420673	2
420930	2
421186	2
421446	2
421696	2
421945	2
422211	2
422474	2
422746	2
423006	2
423255	2
423504	2
423762	2
424014	2
424268	2
424536	2
424799	2
425067	2
425326	2
425574	2
425820	2
426082	2
426343	2
426600	2
426866	2
427130	2
427394	2
427644	2
427891	2
428142	2
428408	2
428672	2
428933	2
429198	2
429457	2
429717	2
429963	2
430210	2
430461	2
430732	2
430995	2
431254	2
431516	2
431767	2
432020	2
432273	2
432521	2
432772	2
433048	2
433316	2
433574	2
433833	2
434084	2
434337	2
434597	2
434850	2
435104	2
435382	2
435652	2
435911	2
436162	2
436413	2
436667	2
436925	2
437183	2
437442	2
437715	2
437982	2
438239	2
438486	2
438737	2
438992	2
439255	2
439516	2
439779	2
440051	2
440316	2
440570	2
440817	2
441068	2
441326	2
441596	2
441862	2
442122	2
442391	2
442651	2
442898	2
443140	2
443393	2
443651	2
443922	2
444182	2
444439	2
444707	2
444964	2
445212	2
445457	2
445716	2
445984	2
446259	2
446522	2
446777	2
447036	2
447289	2
447537	2
447786	2
448046	2
448318	2
448593	2
448854	2
449104	2
449363	2
449617	2
449868	2
450124	2
450387	2
450656	2
450930	2
451186	2
451429	2
451687	2
451937	2
452190	2
452453	2
452721	2
452992	2
453260	2
453513	2
453759	2
454021	2
454276	2
454532	2
454798	2
455065	2
455334	2
455591	2
455839	2
456086	2
456346	2
456605	2
456867	2
457133	2
457392	2
457656	2
457910	2
458156	2
458401	2
458666	2
458930	2
459189	2
459453	2
459711	2
459967	2
460219	2
460466	2
460714	2
460987	2
461254	2
461512	2
461775	2
462029	2
462282	2
462534	2
462785	2
463034	2
463306	2
463574	2
463833	2
464088	2
464337	2
464589	2
464844	2
465096	2
465350	2
465620	2
465888	2
466149	2
466396	2
466641	2
466890	2
467146	2
467397	2
467652	2
467919	2
468191	2
468447	2
468690	2
468938	2
469186	2
469444	2
469705	2
469968	2
470237	2
470509	2
470762	2
471005	2
471257	2
471508	2
471773	2
472040	2
472305	2
472568	2
472838	2
473090	2
473334	2
473586	2
473842	2
474074	5
474381	2
474645	2
474903	2
475167	2
475420	2
475661	2
475914	2
476174	2
476448	2
476713	2
476971	2
477224	2
477484	2
477732	2
477977	2
478235	2
478495	2
478767	2
479032	2
479284	2
479534	2
479793	2
480045	2
480295	2
480559	2
480823	2
481091	2
481353	2
481604	2
481850	2
482110	2
482362	2
482615	2
482881	2
483144	2
483411	2
483665	2
483912	2
484159	2
484419	2
484677	2
484933	2
485197	2
485459	2
485722	2
485970	2
486213	2
486461	2
486725	2
486984	2
487240	2
487504	2
487761	2
488020	2
488270	2
488514	2
488764	2
489033	2
489298	2
489556	2
489819	2
490074	2
490327	2
490576	2
490824	2
491074	2
491349	2
491618	2
491875	2
492132	2
492383	2
492638	2
492886	2
493135	2
493391	2
493669	2
493932	2
494186	2
494439	2
494683	2
494935	2
495188	2
495441	2
495701	2
495976	2
496239	2
496493	2
496742	2
496989	2
497241	2
497503	2
497763	2
498022	2
498295	2
498557	2
498809	2
499053	2
499301	2
499556	2
499822	2
500088	2
500346	2
500615	2
500879	2
501129	2
501368	2
501619	2
501876	2
502140	2
502402	2
502662	2
502925	2
503179	2
503425	2
503667	2
503919	2
504178	2
504449	2
504712	2
504973	2
505231	2
505491	2
505739	2
505984	2
506242	2
506504	2
506778	2
507045	2
507299	2
507550	2
507812	2
508065	2
508310	2
508576	2
508840	2
509111	2
509374	2
509624	2
509874	2
510135	2
510389	2
510642	2
510907	2
511144	5
511443	2
511698	2
511950	2
512202	2
512464	2
512723	2
512984	2
513251	2
513516	2
513781	2
514030	2
514275	2
514527	2
514788	2
515048	2
515309	2
515575	2
515833	2
516093	2
516340	2
516583	2
516837	2
517103	2
517368	2
517624	2
517889	2
518145	2
518398	2
518644	2
518887	2
519142	2
519412	2
519678	2
519935	2
520195	2
520447	2
520699	2
520945	2
521194	2
521455	2
521728	2
521995	2
522255	2
522512	2
522759	2
523012	2
523263	2
523514	2
523777	2
524051	2
524267	5
524564	2
524813	2
525055	2
525307	2
525555	2
525806	2
526065	2
526336	2
526592	2
526831	2
527072	2
527313	2
527560	2
527810	2
528067	2
528321	2
528587	2
528842	2
529085	2
529324	2
529561	2
529806	2
530053	2
530302	2
530549	2
530798	2
531050	2
531280	2
531504	2
531718	2
531934	2
532155	2
532383	2
532622	2
532868	2
533107	2
533357	2
533584	2
533814	2
534042	2
534278	2
534520	2
534769	2
535013	2
535253	2
535490	2
535736	2
535968	2
536199	2
536441	2
536693	2
536955	2
537219	2
537467	2
537705	2
537950	2
538196	2
538438	2
538680	2
538938	2
539196	2
539456	2
539706	2
539948	2
540193	2
540450	2
540705	2
540960	2
541229	2
541497	2
541770	2
542027	2
542278	2
542539	2
542807	2
543073	2
543342	2
543614	2
543886	2
544156	2
544412	2
544663	2
544932	2
545162	5
545476	2
545745	2
546014	2
546275	2
546533	2
546782	2
547028	2
547291	2
547558	2
547818	2
548083	2
548340	2
548598	2
548855	2
549107	2
549361	2
549639	2
549912	2
550178	2
550442	2
550694	2
550957	2
551213	2
551469	2
551737	2
552023	2
552296	2
552557	2
552821	2
553076	2
553337	2
553595	2
553858	2
554135	2
554416	2
554686	2
554943	2
555203	2
555464	2
555731	2
555998	2
556269	2
556554	2
556833	2
557093	2
557349	2
557606	2
557875	2
558145	2
558413	2
558685	2
558970	2
559232	2
559484	2
559738	2
559992	2
560261	2
560531	2
560801	2
561067	2
561340	2
561592	2
561837	2
562091	2
562344	2
562613	2
562884	2
563152	2
563410	2
563677	2
563929	2
564173	2
564427	2
564681	2
564949	2
565213	2
565466	2
565592	14
565712	2
565954	2
566184	2
566420	2
566644	2
566894	2
567140	2
567396	2
567630	2
567874	2
568101	2
568347	2
568574	2
568811	2
569051	2
569300	2
569544	2
569796	2
570031	2
570255	2
570513	2
570647	14
570751	2
570986	2
571220	2
571465	2
571705	2
571936	2
572177	2
572405	2
572629	2
572868	2
573115	2
573365	2
573612	2
573869	2
574122	2
574373	2
574620	2
574863	2
575112	2
575382	2
575649	2
575909	2
576174	2
576435	2
576693	2
576943	2
577193	2
577454	2
577731	2
578001	2
578267	2
578531	2
578788	2
579048	2
579302	2
579553	2
579826	2
580104	2
580349	5
580630	2
580883	2
581138	2
581397	2
581646	2
581896	2
582167	2
582442	2
582703	2
582955	2
583206	2
583457	2
583668	5
583973	2
584231	2
584515	2
584782	2
585044	2
585297	2
585553	2
585814	2
586079	2
586347	2
586619	2
586896	2
587163	2
587416	2
587670	2
587918	2
588180	2
588448	2
588716	2
588982	2
589259	2
589521	2
589768	2
590021	2
590272	2
590538	2
590814	2
591084	2
591357	2
591634	2
591893	2
592145	2
592410	2
592681	2
592962	2
593235	2
593508	2
593782	2
594045	2
594305	2
594563	2
594830	2
595113	2
595398	2
595672	2
595934	2
596173	5
596459	2
596712	2
596980	2
597247	2
597529	2
597807	2
598070	2
598323	2
598589	2
598847	2
599102	2
599370	2
599638	2
599915	2
600183	2
600441	2
600692	2
600964	2
601228	2
601491	2
601765	2
602037	2
602310	2
602568	2
602818	2
603073	2
603342	2
603548	5
603876	2
604143	2
604418	2
604683	2
604935	2
605185	2
605449	2
605725	2
606000	2
606265	2
606534	2
606800	2
607064	2
607313	2
607560	2
607838	2
608075	5
608385	2
608652	2
608919	2
609182	2
609445	2
609701	2
609961	2
610251	2
610526	2
610793	2
611058	2
611319	2
611583	2
611848	2
612114	2
612389	2
612671	2
612946	2
613205	2
613460	2
613718	2
613984	2
614247	2
614517	2
614803	2
615079	2
615342	2
615604	2
615863	2
616131	2
616402	2
616677	2
616956	2
617245	2
617510	2
617765	2
618027	2
618288	2
618558	2
618828	2
619101	2
619379	2
619650	2
619905	2
620157	2
620413	2
620679	2
620953	2
621226	2
621493	2
621770	2
622031	2
622283	2
622542	2
622804	2
623082	2
623361	2
623633	2
623903	2
624176	2
624430	2
624680	2
624945	2
625211	2
625491	2
625762	2
626028	2
626294	2
626561	2
626820	2
627074	2
627349	2
627628	2
627910	2
628183	2
628440	2
628703	2
628971	2
629232	2
629499	2
629775	2
630056	2
630339	2
630602	2
630858	2
631126	2
631392	2
631628	5
631940	2
632215	2
632495	2
632756	2
633012	2
633265	2
633534	2
633798	2
634064	2
634338	2
634604	2
634871	2
635129	2
635384	2
635645	2
635922	2
636195	2
636467	2
636744	2
637009	2
637271	2
637531	2
637787	2
638058	2
638342	2
638618	2
638887	2
639157	2
639423	2
639689	2
639949	2
640215	2
640494	2
640762	2
641017	2
641264	2
641504	2
641748	2
642007	2
642248	2
642491	2
642740	2
642992	2
643243	2
643485	2
643720	2
643959	2
644205	2
644455	2
644701	2
644961	2
645227	2
645483	2
645723	2
645965	2
646206	2
646459	2
646719	2
646982	2
647252	2
647528	2
647790	2
648042	2
648297	2
648559	2
648784	5
649109	2
649378	2
649663	2
649931	2
