108246	1
108519	1
108779	1
109046	1
109306	1
109573	1
109839	1
110111	1
110387	1
110664	1
110937	1
111205	1
111488	1
111763	1
112031	1
112292	1
112560	1
112826	1
113090	1
113358	1
113613	1
113870	1
114125	1
114393	1
114645	1
114897	1
115145	1
115403	1
115650	1
115904	1
116150	1
116402	1
116647	1
116894	1
117140	1
117383	1
117623	1
117869	1
118105	1
118350	1
118584	1
118821	1
119067	1
119315	1
119553	1
119795	1
120030	1
120287	1
120535	1
120785	1
121029	1
121285	1
121537	1
121792	1
122051	1
122312	1
122570	1
122827	1
123092	1
123351	1
123615	1
123870	1
124134	1
124401	1
124669	1
124937	1
125204	1
125465	1
125730	1
125998	1
126265	1
126530	1
126790	1
127061	1
127323	1
127581	1
127848	1
128119	1
128381	1
128640	1
128906	1
129176	1
129435	1
129693	1
129951	1
130210	1
130464	1
130722	1
130982	1
131239	1
131494	1
131744	1
132004	1
132258	1
132513	1
132758	1
133009	1
133260	1
133508	1
133754	1
134007	1
134245	1
134489	1
134728	1
134978	1
135209	1
135444	1
135673	1
135918	1
136146	1
136383	1
136610	1
136843	1
137044	16
137085	1
137246	16
137319	1
137548	1
137778	1
138013	1
138242	1
138473	1
138693	1
138923	1
139152	1
139373	1
139595	1
139823	1
140058	1
140287	1
140505	1
140728	1
140962	1
141195	1
141425	1
141642	1
141873	1
142101	1
142335	1
142567	1
142802	1
143037	1
143262	1
143491	1
143730	1
143971	1
144205	1
144444	1
144666	1
144908	1
145144	1
145379	1
145617	1
145861	1
146102	1
146333	1
146575	1
146819	1
147064	1
147306	1
147536	1
147771	1
148016	1
148252	1
148494	1
148739	1
148985	1
149214	1
149461	1
149706	1
149957	1
150198	1
150439	1
150685	1
150934	1
151179	1
151434	1
151684	1
151938	1
152185	1
152432	1
152682	1
152935	1
153180	1
153425	1
153669	1
153920	1
154166	1
154412	1
154668	1
154926	1
155181	1
155433	1
155696	1
155955	1
156221	1
156479	1
156748	1
157003	1
157269	1
157540	1
157811	1
158078	1
158345	1
158622	1
158894	1
159168	1
159429	1
159703	1
159974	1
160246	1
160517	1
160784	1
161047	1
161308	1
161582	1
161850	1
162112	1
162366	1
162633	1
162893	1
163153	1
163417	1
163675	1
163928	1
164184	1
164441	1
164699	1
164951	1
165195	1
165441	1
165688	1
165939	1
166191	1
166445	1
166699	1
166948	1
167210	1
167486	1
167767	1
168047	1
168319	1
168604	1
168881	1
169159	1
169439	1
169718	1
169990	1
170263	1
170546	1
170821	1
171097	1
171371	1
171643	1
171919	1
172195	1
172469	1
172732	1
173001	1
173268	1
173542	1
173806	1
174064	1
174329	1
174593	1
174858	1
175122	1
175391	1
175648	1
175911	1
176176	1
176447	1
176709	1
176969	1
177228	1
177491	1
177751	1
178014	1
178276	1
178531	1
178791	1
179049	1
179315	1
179573	1
179830	1
180075	1
180335	1
180588	1
180842	1
181093	1
181342	1
181592	1
181839	1
182089	1
182347	1
182597	1
182840	1
183093	1
183352	1
183605	1
183855	1
184111	1
184369	1
184622	1
184880	1
185135	1
185393	1
185653	1
185915	1
186172	1
186433	1
186692	1
186954	1
187222	1
187490	1
187759	1
188024	1
188309	1
188581	1
188859	1
189134	1
189421	1
189700	1
189989	1
190285	1
190566	1
190842	1
191125	1
191408	1
191695	1
191970	1
192249	1
192525	1
192807	1
193096	1
193387	1
193669	1
193945	1
194235	1
194514	1
194792	1
195066	1
195344	1
195611	1
195882	1
196162	1
196431	1
196697	1
196961	1
197234	1
197504	1
197776	1
198053	1
198329	1
198608	1
198892	1
199175	1
199455	1
199735	1
200014	1
200291	1
200575	1
200848	1
201123	1
201393	1
201662	1
201942	1
202222	1
202489	1
202754	1
203035	1
203307	1
203581	1
203852	1
204123	1
204392	1
204670	1
204954	1
205227	1
205499	1
205780	1
206062	1
206338	1
206613	1
206890	1
207166	1
207438	1
207710	1
207991	1
208265	1
208536	1
208814	1
209092	1
209378	1
209666	1
209964	1
210251	1
210542	1
210837	1
211120	1
211408	1
211693	1
211975	1
212247	1
212520	1
212797	1
213066	1
213334	1
213608	1
213888	1
214157	1
214425	1
214703	1
214980	1
215258	1
215522	1
215806	1
216080	1
216349	1
216622	1
216898	1
217165	1
217424	1
217704	1
217977	1
218249	1
218507	1
218776	1
219039	1
219304	1
219570	1
219835	1
220098	1
220353	1
220612	1
220871	1
221128	1
221376	1
221624	1
221870	1
222120	1
222368	1
222620	1
222869	1
223108	1
223355	1
223606	1
223857	1
224102	1
224337	1
224583	1
224828	1
225068	1
225311	1
225547	1
225793	1
226032	1
226277	1
226525	1
226778	1
227027	1
227282	1
227531	1
227789	1
228045	1
228304	1
228567	1
228826	1
229078	1
229331	1
229592	1
229849	1
230105	1
230352	1
230612	1
230865	1
231123	1
231382	1
231647	1
231906	1
232168	1
232433	1
232699	1
232962	1
233230	1
233498	1
233763	1
234028	1
234292	1
234560	1
234831	1
235109	1
235377	1
235657	1
235933	1
236198	1
236468	1
236738	1
237006	1
237277	1
237552	1
237813	1
238081	1
238353	1
238620	1
238878	1
239138	1
239400	1
239659	1
239916	1
240180	1
240443	1
240705	1
240968	1
241225	1
241494	1
241752	1
242012	1
242263	1
242522	1
242781	1
243037	1
243300	1
243564	1
243824	1
244080	1
244350	1
244612	1
244872	1
245125	1
245388	1
245644	1
245901	1
246155	1
246408	1
246654	1
246902	1
247146	1
247385	1
247627	1
247867	1
248094	1
248328	1
248559	1
248793	1
249026	1
249269	1
249498	1
249730	1
249963	1
250211	1
250448	1
250689	1
250916	1
251164	1
251405	1
251645	1
251887	1
252135	1
252372	1
252618	1
252860	1
253111	1
253355	1
253599	1
253842	1
254092	1
254339	1
254590	1
254840	1
255096	1
255345	1
255601	1
255850	1
256108	1
256358	1
256612	1
256855	1
257115	1
257369	1
257622	1
257879	1
258142	1
258400	1
258657	1
258920	1
259187	1
259447	1
259705	1
259967	1
260226	1
260487	1
260747	1
261009	1
261270	1
261532	1
261790	1
262052	1
262306	1
262568	1
262819	1
263081	1
263339	1
263595	1
263852	1
264119	1
264378	1
264634	1
264897	1
265162	1
265426	1
265691	1
265963	1
266229	1
266493	1
266765	1
267040	1
267306	1
267574	1
267849	1
268126	1
268400	1
268672	1
268945	1
269218	1
269496	1
269773	1
270062	1
270339	1
270615	1
270898	1
271181	1
271460	1
271731	1
272013	1
272284	1
272560	1
272843	1
273120	1
273396	1
273681	1
273987	1
274281	1
274568	1
274857	1
275146	1
275437	1
275720	1
276002	1
276283	1
276560	1
276845	1
277115	1
277386	1
277650	1
277921	1
278188	1
278451	1
278721	1
278999	1
279273	1
279548	1
279832	1
280108	1
280390	1
280661	1
280938	1
281220	1
281505	1
281787	1
282060	1
282334	1
282609	1
282888	1
283159	1
283425	1
283696	1
283969	1
284242	1
284511	1
284780	1
285045	1
285310	1
285580	1
285853	1
286114	1
286376	1
286651	1
286917	1
287185	1
287457	1
287731	1
287997	1
288272	1
288548	1
288815	1
289089	1
289351	1
289624	1
289888	1
290154	1
290422	1
290706	1
290982	1
291255	1
291536	1
291803	1
292078	1
292343	1
292619	1
292885	1
293148	1
293414	1
293682	1
293945	1
294212	1
294492	1
294758	1
295036	1
295318	1
295606	1
295888	1
296170	1
296461	1
296746	1
297037	1
297324	1
297603	1
297884	1
298155	1
298438	1
298707	1
298968	1
299237	1
299507	1
299772	1
300029	1
300297	1
300563	1
300826	1
301086	1
301354	1
301611	1
301874	1
302139	1
302406	1
302669	1
302928	1
303188	1
303450	1
303709	1
303966	1
304223	1
304485	1
304753	1
305023	1
305301	1
305581	1
305858	1
306137	1
306431	1
306714	1
307002	1
307295	1
307578	1
307865	1
308156	1
308442	1
308717	1
308997	1
309286	1
309567	1
309857	1
310142	1
310436	1
310721	1
311002	1
311295	1
311586	1
311862	1
312143	1
312428	1
312700	1
312970	1
313253	1
313521	1
313783	1
314053	1
314324	1
314584	1
314846	1
315113	1
315376	1
315641	1
315903	1
316171	1
316431	1
316692	1
316956	1
317226	1
317487	1
317743	1
318002	1
318270	1
318535	1
318795	1
319055	1
319320	1
319583	1
319849	1
320121	1
320384	1
320649	1
320917	1
321192	1
321451	1
321715	1
321975	1
322235	1
322497	1
322763	1
323033	1
323294	1
323558	1
323820	1
324088	1
324349	1
324607	1
324859	1
325116	1
325370	1
325620	1
325874	1
326130	1
326378	1
326625	1
326875	1
327124	1
327371	1
327616	1
327864	1
328107	1
328346	1
328593	1
328841	1
329087	1
329331	1
329578	1
329831	1
330083	1
330339	1
330592	1
330852	1
331105	1
331364	1
331628	1
331900	1
332163	1
332426	1
332686	1
332956	1
333223	1
333488	1
333755	1
334020	1
334288	1
334560	1
334842	1
335105	1
335373	1
335646	1
335920	1
336186	1
336445	1
336714	1
336975	1
337244	1
337508	1
337778	1
338038	1
338301	1
338561	1
338824	1
339089	1
339350	1
339615	1
339877	1
340144	1
340413	1
340690	1
340958	1
341217	1
341478	1
341748	1
342010	1
342271	1
342531	1
342789	1
343049	1
343313	1
343580	1
343840	1
344108	1
344375	1
344655	1
344927	1
345200	1
345469	1
345744	1
346017	1
346298	1
346577	1
346853	1
347129	1
347407	1
347696	1
347975	1
348249	1
348524	1
348798	1
349063	1
349336	1
349614	1
349888	1
350170	1
350452	1
350731	1
350997	1
351265	1
351530	1
351795	1
352059	1
352320	1
352589	1
352849	1
353112	1
353369	1
353636	1
353892	1
354147	1
354400	1
354659	1
354909	1
355161	1
355417	1
355674	1
355923	1
356175	1
356433	1
356688	1
356944	1
357196	1
357458	1
357716	1
357981	1
358248	1
358521	1
358795	1
359073	1
359360	1
359648	1
359949	1
360227	1
360519	1
360808	1
361094	1
361382	1
361659	1
361940	1
362229	1
362522	1
362803	1
363079	1
363364	1
363645	1
363926	1
364207	1
364480	1
364762	1
365043	1
365338	1
365630	1
365915	1
366198	1
366483	1
366765	1
367040	1
367324	1
367598	1
367872	1
368145	1
368418	1
368688	1
368955	1
369233	1
369504	1
369763	1
370035	1
370305	1
370566	1
370828	1
371087	1
371348	1
371605	1
371860	1
372121	1
372372	1
372620	1
372877	1
373130	1
373381	1
373632	1
373877	1
374130	1
374378	1
374630	1
374875	1
375132	1
375383	1
375632	1
375886	1
376148	1
376403	1
376659	1
376919	1
377179	1
377435	1
377694	1
377960	1
378222	1
378480	1
378747	1
379021	1
379286	1
379552	1
379813	1
380084	1
380351	1
380621	1
380886	1
381146	1
381410	1
381673	1
381946	1
382207	1
382468	1
382729	1
383003	1
383268	1
383529	1
383789	1
384053	1
384318	1
384584	1
384853	1
385117	1
385385	1
385651	1
385925	1
386186	1
386455	1
386719	1
386989	1
387258	1
387524	1
387797	1
388069	1
388338	1
388601	1
388869	1
389136	1
389398	1
389656	1
389919	1
390174	1
390430	1
390690	1
390956	1
391210	1
391465	1
391726	1
391989	1
392250	1
392508	1
392762	1
393016	1
393269	1
393523	1
393779	1
394030	1
394277	1
394528	1
394788	1
395045	1
395303	1
395548	1
395814	1
396070	1
396332	1
396602	1
396876	1
397143	1
397413	1
397696	1
397971	1
398246	1
398518	1
398802	1
399077	1
399357	1
399642	1
399919	1
400198	1
400467	1
400751	1
401029	1
401308	1
401581	1
401854	1
402131	1
402407	1
402693	1
402970	1
403239	1
403521	1
403806	1
404097	1
404387	1
404687	1
404985	1
405287	1
405595	1
405881	1
406162	1
406449	1
406729	1
406999	1
407263	1
407536	1
407801	1
408071	1
408341	1
408607	1
408872	1
409134	1
409404	1
409677	1
409945	1
410206	1
410480	1
410754	1
411028	1
411312	1
411597	1
411874	1
412148	1
412429	1
412703	1
412975	1
413244	1
413513	1
413779	1
414051	1
414324	1
414593	1
414861	1
415127	1
415400	1
415666	1
415936	1
416204	1
416474	1
416747	1
417029	1
417317	1
417603	1
417882	1
418169	1
418462	1
418747	1
419020	1
419308	1
419592	1
419878	1
420165	1
420452	1
420740	1
421025	1
421311	1
421597	1
421880	1
422160	1
422440	1
422724	1
423005	1
423294	1
423587	1
423877	1
424188	1
424485	1
424771	1
425055	1
425347	1
425639	1
425933	1
426232	1
426514	1
426792	1
427097	1
427403	1
427709	1
427998	1
428289	1
428576	1
428857	1
429140	1
429422	1
429706	1
429988	1
430274	1
430560	1
430832	1
431116	1
431396	1
431682	1
431963	1
432247	1
432527	1
432805	1
433083	1
433354	1
433624	1
433886	1
434148	1
434410	1
434674	1
434938	1
435199	1
435454	1
435710	1
435970	1
436227	1
436482	1
436734	1
436991	1
437249	1
437505	1
437756	1
438020	1
438276	1
438536	1
438793	1
439066	1
439325	1
439594	1
439855	1
440127	1
440395	1
440667	1
440938	1
441202	1
441473	1
441737	1
442010	1
442278	1
442548	1
442814	1
443078	1
443346	1
443612	1
443890	1
444157	1
444426	1
444694	1
444971	1
445241	1
445508	1
445789	1
446065	1
446339	1
446621	1
446913	1
447196	1
447477	1
447777	1
448064	1
448358	1
448650	1
448947	1
449238	1
449529	1
449832	1
450127	1
450425	1
450725	1
451009	1
451288	1
451562	1
451839	1
452110	1
452383	1
452665	1
452940	1
453204	1
453474	1
453745	1
454013	1
454278	1
454540	1
454798	1
455059	1
455324	1
455589	1
455845	1
456108	1
456371	1
456642	1
456907	1
457174	1
457443	1
457718	1
457991	1
458270	1
458552	1
458831	1
459100	1
459367	1
459642	1
459914	1
460178	1
460446	1
460715	1
460979	1
461253	1
461530	1
461793	1
462068	1
462349	1
462632	1
462919	1
463201	1
463482	1
463748	1
464021	1
464293	1
464563	1
464826	1
465089	1
465356	1
465619	1
465879	1
466137	1
466404	1
466662	1
466919	1
467179	1
467448	1
467707	1
467968	1
468229	1
468498	1
468761	1
469021	1
469282	1
469538	1
469799	1
470062	1
470329	1
470586	1
470850	1
471113	1
471383	1
471642	1
471907	1
472162	1
472425	1
472683	1
472941	1
473206	1
473468	1
473724	1
473978	1
474244	1
474505	1
474768	1
475023	1
475286	1
475544	1
475807	1
476074	1
476346	1
476605	1
476868	1
477135	1
477402	1
477667	1
477928	1
478191	1
478454	1
478718	1
478980	1
479247	1
479507	1
479766	1
480023	1
480296	1
480557	1
480815	1
481070	1
481328	1
481584	1
481839	1
482099	1
482352	1
482599	1
482851	1
483109	1
483360	1
483609	1
483850	1
484101	1
484346	1
484595	1
484839	1
485083	1
485327	1
485569	1
485807	1
486049	1
486286	1
486531	1
486762	1
487003	1
487235	1
487477	1
487715	1
487959	1
488198	1
488426	1
488663	1
488908	1
489147	1
489379	1
489606	1
489842	1
490078	1
490309	1
490543	1
490774	1
491019	1
491252	1
491493	1
491731	1
491978	1
492215	1
492461	1
492696	1
492943	1
493188	1
493435	1
493683	1
493939	1
494190	1
494448	1
494705	1
494967	1
495229	1
495488	1
495756	1
496018	1
496282	1
496549	1
496823	1
497086	1
497351	1
497618	1
497885	1
498154	1
498421	1
498691	1
498956	1
499233	1
499510	1
499789	1
500061	1
500337	1
500622	1
500898	1
501171	1
501436	1
501711	1
501978	1
502236	1
502500	1
502768	1
503028	1
503285	1
503547	1
503809	1
504068	1
504323	1
504589	1
504842	1
505099	1
505363	1
505625	1
505881	1
506134	1
506385	1
506642	1
506893	1
507149	1
507401	1
507664	1
507923	1
508187	1
508457	1
508732	1
508998	1
509261	1
509535	1
509801	1
510067	1
510325	1
510594	1
510854	1
511118	1
511386	1
511655	1
511920	1
512192	1
512473	1
512746	1
513024	1
513292	1
513567	1
513835	1
514106	1
514380	1
514650	1
514921	1
515187	1
515465	1
515730	1
515998	1
516259	1
516536	1
516807	1
517075	1
517348	1
517622	1
517890	1
518156	1
518434	1
518704	1
518980	1
519258	1
519533	1
519812	1
520097	1
520382	1
520662	1
520934	1
521198	1
521471	1
521736	1
521998	1
522254	1
522514	1
522762	1
523017	1
523274	1
523526	1
523768	1
524014	1
524266	1
524512	1
524754	1
525001	1
525251	1
525499	1
525746	1
525996	1
526253	1
526504	1
526757	1
527006	1
527265	1
527515	1
527776	1
528026	1
528293	1
528553	1
528816	1
529080	1
529350	1
529614	1
529877	1
530146	1
530416	1
530682	1
530942	1
531217	1
531476	1
531740	1
532009	1
532278	1
532542	1
532808	1
533079	1
533345	1
533616	1
533880	1
534154	1
534416	1
534680	1
534947	1
535220	1
535489	1
535751	1
536026	1
536301	1
536583	1
536853	1
537134	1
537409	1
537681	1
537960	1
538229	1
538497	1
538764	1
539035	1
539300	1
539570	1
539837	1
540095	1
540361	1
540627	1
540894	1
541148	1
541407	1
541664	1
541928	1
542188	1
542445	1
542699	1
542958	1
543220	1
543479	1
543743	1
544008	1
544271	1
544529	1
544800	1
545060	1
545320	1
545574	1
545836	1
546090	1
546345	1
546603	1
546868	1
547121	1
547380	1
547640	1
547898	1
548158	1
548413	1
548669	1
548921	1
549171	1
549427	1
549682	1
549937	1
550192	1
550446	1
550710	1
550978	1
551243	1
551503	1
551770	1
552038	1
552310	1
552599	1
552880	1
553156	1
553439	1
553729	1
554004	1
554289	1
554567	1
554850	1
555133	1
555418	1
555704	1
555978	1
556255	1
556531	1
556815	1
557093	1
557364	1
557649	1
557933	1
558221	1
558502	1
558780	1
559065	1
559357	1
559673	1
559979	1
560280	1
560590	1
560878	1
561169	1
561465	1
561753	1
562034	1
562315	1
562604	1
562894	1
563190	1
563485	1
563780	1
564076	1
564369	1
564658	1
564939	1
565213	1
565497	1
565770	1
566049	1
566322	1
566594	1
566855	1
567121	1
567392	1
567654	1
567914	1
568172	1
568443	1
568705	1
568971	1
569225	1
569484	1
569746	1
570010	1
570275	1
570537	1
570802	1
571070	1
571342	1
571604	1
571866	1
572120	1
572385	1
572642	1
572896	1
573158	1
573421	1
573677	1
573930	1
574190	1
574447	1
574700	1
574949	1
575203	1
575449	1
575694	1
575943	1
576192	1
576435	1
576678	1
576919	1
577169	1
577413	1
577661	1
577899	1
578144	1
578389	1
578634	1
578879	1
579129	1
579380	1
579633	1
579888	1
580155	1
580413	1
580670	1
580929	1
581193	1
581447	1
581701	1
581962	1
582222	1
582476	1
582732	1
582989	1
583243	1
583498	1
583748	1
584002	1
584245	1
584495	1
584742	1
584994	1
585240	1
585484	1
585729	1
585983	1
586230	1
586478	1
586713	1
586969	1
587216	1
587465	1
587714	1
587968	1
588216	1
588464	1
588713	1
588970	1
589216	1
589468	1
589714	1
589968	1
590212	1
590458	1
590709	1
590962	1
591212	1
591464	1
591715	1
591976	1
592233	1
592489	1
592738	1
592991	1
593243	1
593492	1
593746	1
593999	1
594244	1
594489	1
594742	1
594994	1
595242	1
595484	1
595732	1
595981	1
596224	1
596472	1
596724	1
596971	1
597215	1
597465	1
597716	1
597968	1
598219	1
598465	1
598718	1
598970	1
599226	1
599486	1
599750	1
600014	1
600272	1
600532	1
600802	1
601061	1
601319	1
601570	1
601829	1
602079	1
602329	1
602583	1
602840	1
603087	1
603341	1
603600	1
603860	1
604121	1
604378	1
604639	1
604896	1
605153	1
605409	1
605668	1
605923	1
606183	1
606438	1
606706	1
606968	1
607233	1
607498	1
607776	1
608043	1
608315	1
608599	1
608870	1
609139	1
609408	1
609682	1
609946	1
610209	1
610473	1
610731	1
610993	1
611272	1
611572	1
611872	1
612170	1
612475	1
612772	1
613063	1
613345	1
613636	1
613929	1
614207	1
614494	1
614778	1
615059	1
615344	1
615625	1
615908	1
616179	1
616455	1
616722	1
616991	1
617265	1
617536	1
617798	1
618059	1
618332	1
618594	1
618860	1
619111	1
619375	1
619635	1
619894	1
620159	1
620415	1
620673	1
620926	1
621189	1
621450	1
621713	1
621959	1
622222	1
622475	1
622730	1
622985	1
623242	1
623491	1
623740	1
623996	1
624254	1
624502	1
624755	1
625007	1
625264	1
625522	1
625789	1
626057	1
626324	1
626591	1
626861	1
627142	1
627410	1
627680	1
627947	1
628218	1
628486	1
628754	1
629027	1
629298	1
629564	1
629830	1
630100	1
630361	1
630623	1
630878	1
631143	1
631397	1
631649	1
631908	1
632166	1
632414	1
632668	1
632922	1
633180	1
633434	1
633686	1
633942	1
634193	1
634446	1
634702	1
634959	1
635211	1
635460	1
635703	1
635960	1
636209	1
636458	1
636697	1
636948	1
637197	1
637448	1
637700	1
637961	1
638210	1
638460	1
638712	1
638975	1
639226	1
639482	1
639726	1
639977	1
640226	1
640475	1
640724	1
640971	1
641214	1
641459	1
641705	1
641958	1
642205	1
642451	1
642697	1
642952	1
643205	1
643458	1
643715	1
643977	1
644235	1
644492	1
644759	1
645018	1
645273	1
645527	1
645790	1
646046	1
646301	1
646555	1
646818	1
647071	1
647329	1
647587	1
647849	1
648102	1
648360	1
648609	1
648870	1
649126	1
649383	1
649643	1
649905	1
