108125	1
108367	1
108609	1
108856	1
109108	1
109352	1
109591	1
109842	1
110085	1
110329	1
110576	1
110829	1
111078	1
111322	1
111584	1
111835	1
112090	1
112337	1
112596	1
112848	1
113105	1
113365	1
113619	1
113872	1
114130	1
114389	1
114648	1
114896	1
115155	1
115405	1
115659	1
115920	1
116175	1
116428	1
116680	1
116944	1
117200	1
117452	1
117708	1
117962	1
118216	1
118479	1
118744	1
118999	1
119258	1
119525	1
119788	1
120041	1
120303	1
120553	1
120810	1
121066	1
121329	1
121584	1
121839	1
122096	1
122351	1
122603	1
122844	1
123102	1
123346	1
123595	1
123847	1
124101	1
124349	1
124602	1
124859	1
125109	1
125361	1
125607	1
125854	1
126103	1
126349	1
126604	1
126845	1
127093	1
127340	1
127594	1
127844	1
128093	1
128349	1
128591	1
128847	1
129095	1
129353	1
129599	1
129847	1
130102	1
130353	1
130605	1
130852	1
131104	1
131354	1
131606	1
131862	1
132114	1
132370	1
132619	1
132876	1
133126	1
133376	1
133628	1
133870	1
134122	1
134368	1
134620	1
134867	1
135111	1
135362	1
135613	1
135862	1
136108	1
136357	1
136606	1
136856	1
137110	1
137360	1
137614	1
137863	1
138116	1
138366	1
138617	1
138861	1
139112	1
139359	1
139606	1
139855	1
140106	1
140352	1
140598	1
140853	1
141102	1
141349	1
141602	1
141850	1
142096	1
142346	1
142600	1
142846	1
143087	1
143338	1
143586	1
143837	1
144079	1
144334	1
144585	1
144835	1
145092	1
145346	1
145601	1
145853	1
146119	1
146378	1
146634	1
146893	1
147152	1
147405	1
147665	1
147920	1
148174	1
148422	1
148687	1
148941	1
149198	1
149450	1
149708	1
149963	1
150222	1
150489	1
150748	1
151003	1
151268	1
151529	1
151788	1
152039	1
152298	1
152554	1
152812	1
153078	1
153334	1
153591	1
153850	1
154109	1
154366	1
154616	1
154877	1
155131	1
155385	1
155647	1
155903	1
156160	1
156414	1
156676	1
156926	1
157175	1
157427	1
157678	1
157921	1
158174	1
158424	1
158673	1
158919	1
159177	1
159426	1
159677	1
159916	1
160174	1
160419	1
160666	1
160919	1
161171	1
161421	1
161671	1
161929	1
162182	1
162436	1
162687	1
162940	1
163195	1
163453	1
163711	1
163964	1
164218	1
164479	1
164737	1
164994	1
165243	1
165502	1
165749	1
166004	1
166261	1
166514	1
166769	1
167019	1
167281	1
167531	1
167787	1
168036	1
168287	1
168539	1
168794	1
169051	1
169304	1
169556	1
169811	1
170067	1
170324	1
170578	1
170835	1
171091	1
171347	1
171607	1
171861	1
172123	1
172380	1
172648	1
172909	1
173165	1
173426	1
173681	1
173942	1
174196	1
174456	1
174709	1
174963	1
175222	1
175480	1
175734	1
175986	1
176243	1
176499	1
176755	1
177017	1
177272	1
177527	1
177790	1
178048	1
178305	1
178556	1
178811	1
179066	1
179320	1
179579	1
179834	1
180088	1
180347	1
180609	1
180868	1
181121	1
181379	1
181634	1
181892	1
182155	1
182416	1
182675	1
182930	1
183196	1
183457	1
183712	1
183977	1
184236	1
184497	1
184765	1
185033	1
185300	1
185566	1
185837	1
186106	1
186362	1
186632	1
186896	1
187156	1
187423	1
187683	1
187941	1
188199	1
188466	1
188729	1
188985	1
189253	1
189514	1
189772	1
190037	1
190299	1
190560	1
190820	1
191089	1
191348	1
191601	1
191863	1
192117	1
192376	1
192637	1
192894	1
193146	1
193405	1
193663	1
193919	1
194170	1
194418	1
194672	1
194918	1
195165	1
195416	1
195663	1
195900	1
196149	1
196401	1
196650	1
196890	1
197146	1
197387	1
197637	1
197889	1
198145	1
198392	1
198639	1
198896	1
199146	1
199398	1
199641	1
199889	1
200138	1
200387	1
200639	1
200892	1
201139	1
201393	1
201653	1
201906	1
202160	1
202413	1
202664	1
202914	1
203164	1
203417	1
203665	1
203911	1
204159	1
204411	1
204658	1
204906	1
205158	1
205406	1
205657	1
205909	1
206162	1
206409	1
206659	1
206909	1
207156	1
207407	1
207644	1
207896	1
208142	1
208387	1
208639	1
208884	1
209134	1
209381	1
209636	1
209886	1
210138	1
210386	1
210635	1
210882	1
211136	1
211385	1
211630	1
211874	1
212120	1
212369	1
212615	1
212854	1
213100	1
213342	1
213587	1
213834	1
214082	1
214328	1
214573	1
214823	1
215074	1
215326	1
215568	1
215819	1
216064	1
216312	1
216563	1
216813	1
217061	1
217307	1
217562	1
217811	1
218060	1
218308	1
218552	1
218803	1
219053	1
219312	1
219564	1
219815	1
220075	1
220329	1
220585	1
220826	1
221083	1
221329	1
221579	1
221832	1
222086	1
222338	1
222589	1
222850	1
223104	1
223354	1
223609	1
223863	1
224114	1
224370	1
224625	1
224879	1
225127	1
225390	1
225640	1
225892	1
226139	1
226392	1
226642	1
226889	1
227148	1
227398	1
227645	1
227899	1
228157	1
228414	1
228660	1
228921	1
229172	1
229426	1
229686	1
229943	1
230192	1
230442	1
230704	1
230958	1
231211	1
231461	1
231716	1
231964	1
232219	1
232475	1
232724	1
232970	1
233224	1
233478	1
233728	1
233975	1
234229	1
234477	1
234721	1
234972	1
235223	1
235467	1
235715	1
235972	1
236218	1
236471	1
236717	1
236973	1
237218	1
237472	1
237722	1
237971	1
238219	1
238468	1
238725	1
238971	1
239217	1
239468	1
239716	1
239964	1
240216	1
240472	1
240719	1
240969	1
241226	1
241479	1
241735	1
241979	1
242235	1
242479	1
242728	1
242979	1
243224	1
243468	1
243712	1
243965	1
244212	1
244463	1
244539	14
244708	1
244958	1
245212	1
245468	1
245725	1
245976	1
246226	1
246478	1
246731	1
246985	1
247232	1
247481	1
247728	1
247976	1
248226	1
248479	1
248726	1
248976	1
249232	1
249490	1
249747	1
250001	1
250194	14
250258	1
250517	1
250772	1
251029	1
251279	1
251534	1
251787	1
252044	1
252304	1
252561	1
252831	1
253098	1
253372	1
253598	8
253945	1
254237	1
254539	1
254824	1
255093	1
255363	1
255626	1
255886	1
256146	1
256400	1
256659	1
256906	1
257170	1
257421	1
257676	1
257923	1
258177	1
258429	1
258679	1
258937	1
259184	1
259432	1
259681	1
259931	1
260182	1
260421	1
260671	1
260917	1
261165	1
261416	1
261668	1
261918	1
262161	1
262421	1
262672	1
262923	1
263170	1
263422	1
263670	1
263918	1
264173	1
264425	1
264667	1
264912	1
265164	1
265407	1
265645	1
265893	1
266133	1
266377	1
266624	1
266878	1
267123	1
267367	1
267623	1
267871	1
268119	1
268362	1
268617	1
268869	1
269118	1
269374	1
269632	1
269881	1
270133	1
270392	1
270645	1
270892	1
271145	1
271392	1
271642	1
271889	1
272139	1
272384	1
272628	1
272879	1
273131	1
273375	1
273616	1
273869	1
274057	14
274108	1
274353	1
274603	1
274852	1
275097	1
275344	1
275597	1
275847	1
276093	1
276335	1
276583	1
276826	1
277070	1
277318	1
277566	1
277807	1
278048	1
278302	1
278493	8
278788	1
279030	1
279281	1
279526	1
279781	1
280035	1
280289	1
280544	1
280799	1
281060	1
281317	1
281569	1
281633	14
281825	1
282073	1
282324	1
282577	1
282826	1
283076	1
283326	1
283586	1
283835	1
284093	1
284341	1
284595	1
284847	1
285100	1
285356	1
285601	1
285851	1
286099	1
286349	1
286597	1
286842	1
287089	1
287335	1
287583	1
287832	1
288081	1
288327	1
288573	1
288825	1
289073	1
289322	1
289559	1
289806	1
290047	1
290290	1
290534	1
290683	14
290777	1
291015	1
291253	1
291497	1
291738	1
291981	1
292217	1
292459	1
292703	1
292946	1
293196	1
293440	1
293686	1
293926	1
294180	1
294425	1
294485	14
294670	1
294910	1
295153	1
295390	1
295629	1
295874	1
296112	1
296205	14
296348	1
296585	1
296720	14
296828	1
297070	1
297307	1
297542	1
297780	1
298021	1
298260	1
298503	1
298601	14
298743	1
298983	1
299220	1
299467	1
299708	1
299947	1
300186	1
300429	1
300521	14
300670	1
300910	1
301162	1
301401	1
301643	1
301885	1
302136	1
302376	1
302614	1
302856	1
303098	1
303338	1
303577	1
303820	1
304058	1
304296	1
304537	1
304781	1
305023	1
305262	1
305504	1
305749	1
305996	1
306237	1
306486	1
306731	1
306969	1
307215	1
307465	1
307708	1
307945	1
308193	1
308435	1
308676	1
308924	1
309172	1
309414	1
309655	1
309904	1
310151	1
310400	1
310638	1
310890	1
311133	1
311377	1
311626	1
311877	1
312119	1
312368	1
312621	1
312870	1
313116	1
313358	1
313608	1
313853	1
314100	1
314354	1
314601	1
314850	1
315095	1
315350	1
315595	1
315839	1
316088	1
316335	1
316580	1
316828	1
317081	1
317328	1
317579	1
317835	1
318090	1
318342	1
318594	1
318851	1
319106	1
319361	1
319623	1
319880	1
320136	1
320392	1
320655	1
320908	1
321163	1
321419	1
321672	1
321929	1
322183	1
322442	1
322693	1
322944	1
323206	1
323459	1
323718	1
323969	1
324226	1
324478	1
324734	1
324991	1
325242	1
325492	1
325749	1
326001	1
326260	1
326507	1
326764	1
327015	1
327275	1
327536	1
327796	1
328053	1
328310	1
328568	1
328829	1
329079	1
329333	1
329581	1
329835	1
330093	1
330350	1
330606	1
330859	1
331122	1
331376	1
331631	1
331883	1
332137	1
332390	1
332646	1
332903	1
333157	1
333413	1
333672	1
333925	1
334184	1
334435	1
334693	1
334950	1
335206	1
335465	1
335721	1
335974	1
336231	1
336488	1
336746	1
336994	1
337253	1
337507	1
337764	1
338021	1
338281	1
338530	1
338779	1
339037	1
339293	1
339540	1
339790	1
340041	1
340295	1
340549	1
340805	1
341059	1
341307	1
341561	1
341814	1
342070	1
342315	1
342569	1
342819	1
343071	1
343327	1
343581	1
343829	1
344081	1
344339	1
344592	1
344842	1
345100	1
345354	1
345609	1
345865	1
346125	1
346377	1
346627	1
346884	1
347138	1
347393	1
347640	1
347898	1
348149	1
348399	1
348655	1
348907	1
349156	1
349408	1
349664	1
349916	1
350163	1
350416	1
350667	1
350916	1
351169	1
351425	1
351675	1
351922	1
352182	1
352433	1
352689	1
352939	1
353203	1
353463	1
353725	1
353992	1
354254	1
354516	1
354783	1
355050	1
355313	1
355569	1
355835	1
356092	1
356351	1
356617	1
356877	1
357135	1
357397	1
357668	1
357930	1
358185	1
358450	1
358706	1
358967	1
359230	1
359485	1
359737	1
359992	1
360249	1
360496	1
360745	1
360996	1
361245	1
361494	1
361750	1
362009	1
362263	1
362517	1
362781	1
363035	1
363297	1
363547	1
363804	1
364053	1
364308	1
364563	1
364805	1
365054	1
365307	1
365557	1
365809	1
366054	1
366311	1
366559	1
366811	1
367065	1
367316	1
367567	1
367816	1
368077	1
368323	1
368577	1
368826	1
369079	1
369336	1
369596	1
369855	1
370112	1
370370	1
370638	1
370895	1
371156	1
371410	1
371663	1
371920	1
372174	1
372433	1
372686	1
372938	1
373191	1
373446	1
373708	1
373956	1
374217	1
374478	1
374740	1
375007	1
375268	1
375534	1
375798	1
376062	1
376330	1
376587	1
376850	1
377110	1
377371	1
377633	1
377891	1
378151	1
378407	1
378668	1
378925	1
379180	1
379435	1
379692	1
379945	1
380199	1
380455	1
380706	1
380955	1
381213	1
381462	1
381711	1
381959	1
382210	1
382460	1
382710	1
382966	1
383217	1
383468	1
383721	1
383979	1
384235	1
384482	1
384736	1
384990	1
385245	1
385500	1
385760	1
386013	1
386264	1
386529	1
386784	1
387039	1
387289	1
387546	1
387800	1
388052	1
388313	1
388565	1
388811	1
389069	1
389325	1
389581	1
389826	1
390084	1
390334	1
390584	1
390840	1
391098	1
391350	1
391601	1
391866	1
392122	1
392379	1
392640	1
392897	1
393152	1
393410	1
393672	1
393925	1
394177	1
394439	1
394693	1
394949	1
395197	1
395453	1
395704	1
395959	1
396220	1
396475	1
396725	1
396983	1
397241	1
397496	1
397743	1
398003	1
398252	1
398503	1
398756	1
399013	1
399263	1
399512	1
399778	1
400028	1
400283	1
400540	1
400796	1
401052	1
401317	1
401586	1
401843	1
402105	1
402378	1
402637	1
402902	1
403162	1
403418	1
403678	1
403940	1
404206	1
404465	1
404726	1
404997	1
405257	1
405519	1
405781	1
406042	1
406299	1
406567	1
406829	1
407087	1
407347	1
407613	1
407872	1
408131	1
408397	1
408653	1
408913	1
409179	1
409444	1
409708	1
409970	1
410241	1
410500	1
410762	1
411021	1
411276	1
411534	1
411796	1
412057	1
412313	1
412571	1
412834	1
413092	1
413350	1
413605	1
413863	1
414124	1
414388	1
414652	1
414910	1
415170	1
415436	1
415695	1
415954	1
416207	1
416462	1
416719	1
416976	1
417238	1
417495	1
417751	1
418011	1
418274	1
418539	1
418796	1
419059	1
419319	1
419582	1
419845	1
420105	1
420363	1
420620	1
420878	1
421137	1
421391	1
421651	1
421909	1
422169	1
422430	1
422696	1
422956	1
423212	1
423478	1
423737	1
423995	1
424253	1
424511	1
424769	1
425028	1
425295	1
425553	1
425813	1
426079	1
426340	1
426602	1
426862	1
427127	1
427387	1
427650	1
427917	1
428178	1
428438	1
428703	1
428964	1
429223	1
429481	1
429743	1
430005	1
430268	1
430537	1
430798	1
431056	1
431325	1
431588	1
431850	1
432109	1
432371	1
432630	1
432894	1
433158	1
433417	1
433672	1
433941	1
434204	1
434470	1
434732	1
434999	1
435264	1
435530	1
435802	1
436066	1
436325	1
436593	1
436856	1
437118	1
437381	1
437644	1
437902	1
438163	1
438431	1
438690	1
438945	1
439215	1
439474	1
439736	1
439996	1
440258	1
440518	1
440776	1
441043	1
441299	1
441558	1
441821	1
442084	1
442341	1
442597	1
442861	1
443120	1
443385	1
443652	1
443912	1
444172	1
444441	1
444703	1
444964	1
445220	1
445481	1
445739	1
445999	1
446263	1
446518	1
446772	1
447036	1
447293	1
447553	1
447807	1
448069	1
448328	1
448589	1
448859	1
449115	1
449373	1
449637	1
449900	1
450161	1
450416	1
450683	1
450941	1
451205	1
451474	1
451738	1
452002	1
452273	1
452541	1
452810	1
453072	1
453340	1
453600	1
453860	1
454124	1
454381	1
454639	1
454899	1
455160	1
455417	1
455671	1
455933	1
456189	1
456450	1
456715	1
456975	1
457235	1
457496	1
457762	1
458022	1
458275	1
458538	1
458794	1
459055	1
459316	1
459575	1
459833	1
460090	1
460357	1
460612	1
460871	1
461126	1
461384	1
461643	1
461904	1
462165	1
462421	1
462677	1
462941	1
463199	1
463459	1
463713	1
463970	1
464230	1
464489	1
464754	1
465011	1
465270	1
465533	1
465796	1
466064	1
466318	1
466583	1
466843	1
467105	1
467371	1
467632	1
467890	1
468149	1
468410	1
468671	1
468924	1
469186	1
469446	1
469705	1
469973	1
470236	1
470500	1
470766	1
471034	1
471301	1
471558	1
471826	1
472089	1
472353	1
472621	1
472889	1
473154	1
473424	1
473695	1
473962	1
474226	1
474498	1
474768	1
475037	1
475314	1
475581	1
475844	1
476119	1
476384	1
476647	1
476910	1
477172	1
477433	1
477698	1
477964	1
478226	1
478485	1
478759	1
479029	1
479290	1
479560	1
479824	1
480086	1
480352	1
480616	1
480875	1
481132	1
481401	1
481661	1
481918	1
482180	1
482437	1
482694	1
482956	1
483221	1
483483	1
483737	1
484005	1
484263	1
484519	1
484778	1
485036	1
485294	1
485555	1
485822	1
486079	1
486337	1
486608	1
486872	1
487135	1
487400	1
487666	1
487926	1
488192	1
488457	1
488713	1
488971	1
489238	1
489496	1
489747	1
490003	1
490258	1
490513	1
490768	1
491035	1
491289	1
491551	1
491817	1
492079	1
492339	1
492592	1
492855	1
493110	1
493373	1
493637	1
493896	1
494153	1
494420	1
494684	1
494951	1
495210	1
495477	1
495739	1
496008	1
496279	1
496540	1
496800	1
497065	1
497331	1
497591	1
497848	1
498109	1
498364	1
498622	1
498885	1
499145	1
499402	1
499665	1
499929	1
500194	1
500449	1
500716	1
500973	1
501233	1
501498	1
501760	1
502025	1
502288	1
502554	1
502817	1
503077	1
503343	1
503602	1
503863	1
504131	1
504393	1
504657	1
504921	1
505190	1
505457	1
505716	1
505986	1
506246	1
506514	1
506781	1
507045	1
507309	1
507574	1
507844	1
508110	1
508373	1
508638	1
508905	1
509173	1
509443	1
509710	1
509974	1
510242	1
510511	1
510781	1
511039	1
511306	1
511568	1
511832	1
512100	1
512361	1
512625	1
512890	1
513156	1
513423	1
513680	1
513943	1
514203	1
514465	1
514727	1
514986	1
515247	1
515508	1
515771	1
516033	1
516286	1
516547	1
516806	1
517065	1
517329	1
517591	1
517853	1
518119	1
518384	1
518650	1
518907	1
519169	1
519434	1
519692	1
519957	1
520218	1
520475	1
520740	1
520999	1
521264	1
521513	1
521775	1
522033	1
522295	1
522558	1
522818	1
523077	1
523337	1
523605	1
523867	1
524121	1
524385	1
524647	1
524909	1
525179	1
525446	1
525710	1
525976	1
526250	1
526522	1
526781	1
527055	1
527319	1
527586	1
527857	1
528122	1
528383	1
528650	1
528916	1
529179	1
529435	1
529700	1
529963	1
530221	1
530492	1
530755	1
531017	1
531287	1
531554	1
531824	1
532082	1
532352	1
532616	1
532879	1
533149	1
533414	1
533677	1
533947	1
534217	1
534482	1
534745	1
535017	1
535283	1
535550	1
535824	1
536087	1
536351	1
536620	1
536883	1
537146	1
537401	1
537666	1
537923	1
538186	1
538454	1
538711	1
538974	1
539242	1
539510	1
539778	1
540038	1
540306	1
540567	1
540833	1
541106	1
541366	1
541629	1
541903	1
542171	1
542442	1
542710	1
542977	1
543246	1
543523	1
543802	1
544065	1
544332	1
544608	1
544874	1
545143	1
545412	1
545672	1
545937	1
546203	1
546468	1
546732	1
546993	1
547267	1
547531	1
547796	1
548066	1
548327	1
548593	1
548864	1
549130	1
549395	1
549664	1
549933	1
550198	1
550460	1
550727	1
550991	1
551259	1
551531	1
551796	1
552064	1
552333	1
552603	1
552869	1
553124	1
553389	1
553646	1
553910	1
554174	1
554432	1
554691	1
554958	1
555222	1
555489	1
555749	1
556014	1
556277	1
556545	1
556814	1
557076	1
557342	1
557607	1
557873	1
558140	1
558398	1
558662	1
558921	1
559185	1
559452	1
559713	1
559975	1
560243	1
560506	1
560772	1
561032	1
561296	1
561557	1
561819	1
562084	1
562344	1
562604	1
562867	1
563127	1
563389	1
563645	1
563906	1
564168	1
564427	1
564691	1
564950	1
565207	1
565470	1
565728	1
565991	1
566241	1
566504	1
566760	1
567018	1
567277	1
567534	1
567792	1
568048	1
568312	1
568571	1
568825	1
569084	1
569344	1
569602	1
569865	1
570127	1
570387	1
570642	1
570909	1
571170	1
571426	1
571684	1
571941	1
572200	1
572454	1
572719	1
572972	1
573227	1
573489	1
573748	1
574007	1
574262	1
574522	1
574779	1
575038	1
575302	1
575564	1
575819	1
576084	1
576343	1
576606	1
576857	1
577122	1
577379	1
577635	1
577899	1
578154	1
578411	1
578669	1
578931	1
579188	1
579441	1
579701	1
579959	1
580213	1
580476	1
580732	1
580990	1
581249	1
581515	1
581775	1
582028	1
582295	1
582555	1
582817	1
583082	1
583346	1
583606	1
583870	1
584138	1
584396	1
584651	1
584911	1
585169	1
585422	1
585685	1
585940	1
586195	1
586453	1
586718	1
586979	1
587233	1
587500	1
587757	1
588018	1
588284	1
588547	1
588806	1
589069	1
589338	1
589600	1
589857	1
590124	1
590384	1
590644	1
590911	1
591173	1
591433	1
591696	1
591963	1
592219	1
592473	1
592735	1
592990	1
593244	1
593505	1
593762	1
594020	1
594279	1
594545	1
594806	1
595059	1
595326	1
595583	1
595846	1
596116	1
596380	1
596642	1
596902	1
597173	1
597430	1
597688	1
597950	1
598205	1
598467	1
598731	1
598995	1
599253	1
599516	1
599787	1
600048	1
600309	1
600572	1
600830	1
601091	1
601354	1
601616	1
601871	1
602129	1
602395	1
602654	1
602913	1
603174	1
603432	1
603692	1
603957	1
604221	1
604481	1
604739	1
605007	1
605265	1
605525	1
605783	1
606037	1
606296	1
606553	1
606815	1
607069	1
607328	1
607589	1
607848	1
608109	1
608365	1
608625	1
608883	1
609144	1
609406	1
609663	1
609919	1
610178	1
610434	1
610691	1
610938	1
611196	1
611449	1
611708	1
611968	1
612226	1
612487	1
612746	1
613011	1
613274	1
613529	1
613789	1
614047	1
614306	1
614568	1
614828	1
615086	1
615341	1
615608	1
615867	1
616127	1
616387	1
616644	1
616907	1
617167	1
617434	1
617693	1
617949	1
618217	1
618477	1
618738	1
618997	1
619258	1
619518	1
619783	1
620050	1
620314	1
620576	1
620849	1
621118	1
621384	1
621654	1
621919	1
622184	1
622451	1
622719	1
622984	1
623247	1
623519	1
623786	1
624042	1
624313	1
624576	1
624838	1
625105	1
625367	1
625632	1
625893	1
626162	1
626425	1
626676	1
626943	1
627198	1
627458	1
627717	1
627977	1
628231	1
628489	1
628751	1
629012	1
629265	1
629529	1
629789	1
630048	1
630316	1
630578	1
630840	1
631099	1
631367	1
631634	1
631887	1
632155	1
632414	1
632673	1
632938	1
633201	1
633459	1
633719	1
633986	1
634248	1
634503	1
634770	1
635030	1
635292	1
635558	1
635822	1
636082	1
636343	1
636612	1
636872	1
637129	1
637394	1
637656	1
637916	1
638182	1
638448	1
638706	1
638969	1
639237	1
639497	1
639751	1
640015	1
640274	1
640530	1
640793	1
641050	1
641306	1
641560	1
641828	1
642083	1
642339	1
642598	1
642855	1
643113	1
643374	1
643640	1
643897	1
644156	1
644425	1
644684	1
644942	1
645200	1
645457	1
645713	1
645974	1
646239	1
646495	1
646751	1
647018	1
647277	1
647540	1
647798	1
648059	1
648320	1
648582	1
648848	1
649105	1
649361	1
649626	1
649883	1
