108155	3
108450	3
108741	3
109014	3
109300	3
109576	3
109814	8
110121	3
110410	3
110694	3
110978	3
111265	3
111496	8
111823	3
112124	3
112425	3
112717	3
113008	3
113313	3
113603	3
113896	3
114195	3
114489	3
114786	3
115083	3
115381	3
115680	3
115977	3
116278	3
116580	3
116881	3
117177	3
117479	3
117779	3
118067	3
118362	3
118656	3
118949	3
119254	3
119550	3
119848	3
120146	3
120454	3
120756	3
121049	3
121358	3
121656	3
121959	3
122260	3
122555	3
122856	3
123139	3
123429	3
123731	3
124015	3
124310	3
124604	3
124894	3
125194	3
125474	3
125696	8
126043	3
126350	3
126650	3
126942	3
127155	8
127470	3
127705	8
128051	3
128284	8
128621	3
128853	8
129202	3
129502	3
129796	3
130000	8
130319	3
130615	3
130814	14
130905	3
131193	3
131475	3
131747	3
132027	3
132306	3
132577	3
132845	3
133045	14
133122	3
133394	3
133665	3
133943	3
134223	3
134493	3
134769	3
135046	3
135312	3
135581	3
135841	3
136107	3
136370	3
136637	3
136901	3
137166	3
137431	3
137694	3
137964	3
138234	3
138500	3
138756	3
139028	3
139292	3
139554	3
139821	3
140091	3
140353	3
140616	3
140889	3
141153	3
141418	3
141653	8
141941	3
142199	3
142462	3
142720	3
142978	3
143232	3
143487	3
143740	3
143996	3
144250	3
144503	3
144750	3
145002	3
145256	3
145504	3
145759	3
146012	3
146260	3
146504	3
146759	3
147013	3
147260	3
147502	3
147749	3
147995	3
148238	3
148483	3
148729	3
148972	3
149215	3
149460	3
149706	3
149952	3
150198	3
150443	3
150682	3
150928	3
151171	3
151414	3
151654	3
151900	3
152140	3
152377	3
152614	3
152863	3
153104	3
153343	3
153581	3
153829	3
154066	3
154307	3
154553	3
154803	3
155044	3
155291	3
155536	3
155785	3
156029	3
156274	3
156515	3
156757	3
157002	3
157247	3
157489	3
157735	3
157983	3
158173	8
158457	3
158715	3
158969	3
159223	3
159473	3
159728	3
159980	3
160229	3
160483	3
160740	3
160989	3
161237	3
161485	3
161674	8
161949	3
162202	3
162450	3
162698	3
162946	3
163198	3
163454	3
163707	3
163965	3
164224	3
164478	3
164743	3
165003	3
165261	3
165518	3
165783	3
165956	5
166214	8
166529	3
166805	3
167068	3
167334	3
167601	3
167870	3
168135	3
168401	3
168665	3
168923	3
169185	3
169445	3
169708	3
169965	3
170222	3
170474	3
170740	3
170997	3
171260	3
171511	3
171776	3
172035	3
172294	3
172560	3
172824	3
173079	3
173330	3
173595	3
173848	3
174106	3
174357	3
174616	3
174864	3
175124	3
175381	3
175644	3
175895	3
176155	3
176413	3
176662	3
176941	3
177201	3
177457	3
177717	3
177888	5
178197	3
178503	3
178769	3
179030	3
179287	3
179555	3
179782	8
180073	3
180270	5
180602	3
180863	3
181122	3
181388	3
181647	3
181903	3
182162	3
182407	3
182681	3
182945	3
183200	3
183458	3
183715	3
183974	3
184187	8
184479	3
184739	3
184997	3
185254	3
185534	3
185779	3
186032	3
186283	3
186472	8
186756	3
187010	3
187269	3
187526	3
187772	3
188023	3
188274	3
188526	3
188774	3
189025	3
189273	3
189520	3
189767	3
190019	3
190267	3
190514	3
190763	3
190944	8
191222	3
191480	3
191729	3
191977	3
192225	3
192477	3
192723	3
192969	3
193221	3
193445	3
193719	3
193973	3
194237	3
194496	3
194756	3
195018	3
195285	3
195547	3
195813	3
196077	3
196344	3
196610	3
196880	3
197150	3
197422	3
197691	3
197961	3
198230	3
198502	3
198772	3
199046	3
199324	3
199600	3
199791	8
200095	3
200380	3
200575	8
200891	3
201165	3
201442	3
201715	3
201995	3
202273	3
202553	3
202835	3
203115	3
203401	3
203685	3
203965	3
204247	3
204421	5
204808	3
205089	3
205375	3
205652	3
205925	3
206210	3
206491	3
206770	3
207049	3
207335	3
207611	3
207889	3
208170	3
208444	3
208723	3
208996	3
209275	3
209552	3
209830	3
210104	3
210383	3
210660	3
210934	3
211217	3
211489	3
211755	3
212023	3
212298	3
212567	3
212832	3
213104	3
213374	3
213643	3
213917	3
214197	3
214468	3
214744	3
215023	3
215302	3
215586	3
215862	3
216142	3
216422	3
216701	3
216981	3
217180	8
217486	3
217763	3
218041	3
218318	3
218593	3
218860	3
219137	3
219410	3
219682	3
219961	3
220237	3
220507	3
220782	3
221065	3
221331	3
221609	3
221883	3
222157	3
222426	3
222698	3
222973	3
223246	3
223521	3
223793	3
224067	3
224343	3
224617	3
224895	3
225166	3
225441	3
225715	3
226001	3
226272	3
226463	8
226767	3
227053	3
227324	3
227593	3
227866	3
228125	3
228396	3
228669	3
228946	3
229218	3
229495	3
229770	3
230045	3
230330	3
230602	3
230877	3
231154	3
231427	3
231699	3
231983	3
232255	3
232524	3
232803	3
233080	3
233361	3
233625	3
233905	3
234188	3
234464	3
234753	3
234950	8
235257	3
235535	3
235819	3
236097	3
236376	3
236650	3
236932	3
237216	3
237502	3
237789	3
238075	3
238361	3
238646	3
238944	3
239229	3
239424	8
239740	3
240025	3
240312	3
240529	8
240878	3
241173	3
241473	3
241777	3
242075	3
242384	3
242686	3
242996	3
243313	3
243618	3
243934	3
244242	3
244545	3
244863	3
245173	3
245473	3
245785	3
246091	3
246389	3
246693	3
246993	3
247287	3
247587	3
247889	3
248187	3
248481	3
248784	3
249097	3
249408	3
249721	3
250043	3
250362	3
250677	3
250998	3
251315	3
251628	3
251946	3
252253	3
252563	3
252873	3
253169	3
253370	8
253715	3
254020	3
254329	3
254644	3
254954	3
255276	3
255600	3
255916	3
256232	3
256549	3
256866	3
257184	3
257491	3
257805	3
258118	3
258430	3
258747	3
259057	3
259366	3
259682	3
259987	3
260291	3
260598	3
260899	3
261121	8
261481	3
261780	3
262084	3
262388	3
262594	8
262921	3
263216	3
263414	8
263733	3
263961	8
264290	3
264579	3
264862	3
265138	3
265425	3
265702	3
265980	3
266252	3
266535	3
266808	3
267083	3
267368	3
267642	3
267814	5
268180	3
268455	3
268720	3
268990	3
269217	8
269262	14
269511	3
269712	14
269779	3
270050	3
270317	3
270586	3
270856	3
271122	3
271396	3
271667	3
271933	3
272193	3
272413	8
272712	3
272976	3
273246	3
273516	3
273777	3
273967	8
274271	3
274538	3
274806	3
275067	3
275339	3
275546	8
275853	3
276126	3
276398	3
276666	3
276932	3
277191	3
277460	3
277682	8
277974	3
278238	3
278496	3
278758	3
279014	3
279247	8
279535	3
279801	3
280069	3
280349	3
280617	3
280893	3
281168	3
281439	3
281717	3
282003	3
282289	3
282568	3
282853	3
283144	3
283432	3
283722	3
284006	3
284295	3
284582	3
284865	3
285154	3
285449	3
285732	3
286016	3
286313	3
286528	8
286837	3
287137	3
287433	3
287725	3
288017	3
288312	3
288600	3
288896	3
289193	3
289490	3
289793	3
290085	3
290382	3
290680	3
290975	3
291273	3
291562	3
291846	3
292070	8
292367	3
292649	3
292922	3
293206	3
293481	3
293758	3
294045	3
294330	3
294612	3
294898	3
295193	3
295478	3
295769	3
296057	3
296343	3
296640	3
296928	3
297222	3
297515	3
297805	3
298107	3
298402	3
298695	3
298993	3
299288	3
299580	3
299687	37
300145	3
300468	3
300778	3
301089	3
301381	3
301668	3
301958	3
302242	3
302533	3
302823	3
303108	3
303395	3
303676	3
303960	3
304244	3
304524	3
304796	3
305077	3
305354	3
305576	8
306016	3
306322	3
306600	3
306885	3
307100	8
307394	3
307675	3
307952	3
308225	3
308496	3
308775	3
309048	3
309318	3
309535	8
309820	3
310099	3
310382	3
310657	3
310750	37
311151	3
311455	3
311734	3
312016	3
312292	3
312559	3
312844	3
313117	3
313388	3
313666	3
313947	3
314160	8
314461	3
314762	3
315044	3
315333	3
315617	3
315902	3
316186	3
316470	3
316755	3
317033	3
317320	3
317603	3
317887	3
318174	3
318459	3
318752	3
319041	3
319333	3
319550	8
319919	3
320241	3
320550	3
320863	3
321161	3
321454	3
321755	3
322043	3
322330	3
322622	3
322906	3
323196	3
323494	3
323786	3
324079	3
324370	3
324665	3
324957	3
325247	3
325528	3
325821	3
326110	3
326403	3
326699	3
326987	3
327277	3
327567	3
327864	3
328154	3
328440	3
328732	3
329011	3
329302	3
329591	3
329877	3
330105	8
330544	3
330888	3
331195	3
331478	3
331771	3
332060	3
332341	3
332637	3
332920	3
333203	3
333491	3
333781	3
334069	3
334349	3
334640	3
334922	3
335207	3
335498	3
335784	3
336069	3
336354	3
336643	3
336928	3
337213	3
337492	3
337774	3
338062	3
338346	3
338632	3
338917	3
339191	3
339406	8
339706	3
339994	3
340263	3
340546	3
340821	3
341094	3
341377	3
341658	3
341930	3
342212	3
342497	3
342719	8
343153	3
343455	3
343734	3
344014	3
344287	3
344565	3
344838	3
345068	8
345370	3
345656	3
345862	5
346202	3
346488	3
346766	3
347045	3
347324	3
347601	3
347880	3
348161	3
348454	3
348731	3
349008	3
349293	3
349572	3
349855	3
350146	3
350434	3
350707	3
350935	8
351242	3
351531	3
351818	3
352095	3
352374	3
352649	3
352927	3
353212	3
353495	3
353770	3
354045	3
354287	8
354603	3
354895	3
355183	3
355458	3
355740	3
356026	3
356304	3
356581	3
356862	3
357142	3
357419	3
357704	3
357978	3
358260	3
358540	3
358817	3
359097	3
359278	5
359664	3
359949	3
360237	3
360518	3
360795	3
361077	3
361363	3
361647	3
361868	8
362183	3
362495	3
362796	3
363100	3
363396	3
363696	3
363991	3
364294	3
364589	3
364887	3
365188	3
365483	3
365776	3
366075	3
366178	37
366634	3
366934	3
367243	3
367535	3
367829	3
368127	3
368415	3
368702	3
368992	3
369283	3
369570	3
369859	3
370148	3
370437	3
370726	3
371016	3
371309	3
371596	3
371878	3
372168	3
372453	3
372728	3
373006	3
373290	3
373567	3
373851	3
374143	3
374425	3
374709	3
375002	3
375293	3
375584	3
375874	3
376163	3
376448	3
376742	3
376957	8
377278	3
377579	3
377872	3
378169	3
378464	3
378747	3
379044	3
379138	37
379576	3
379885	3
380188	3
380479	3
380772	3
381073	3
381358	3
381642	3
381933	3
382212	3
382498	3
382789	3
383079	3
383369	3
383666	3
383955	3
384260	3
384559	3
384856	3
385147	3
385444	3
385735	3
386031	3
386326	3
386613	3
386917	3
387211	3
387497	3
387797	3
388086	3
388375	3
388671	3
388965	3
389252	3
389535	3
389821	3
390106	3
390391	3
390681	3
390955	3
391237	3
391518	3
391804	3
392087	3
392372	3
392668	3
392958	3
393253	3
393541	3
393840	3
394135	3
394429	3
394736	3
395033	3
395325	3
395631	3
395931	3
396228	3
396521	3
396804	3
397096	3
397395	3
397691	3
397984	3
398272	3
398567	3
398860	3
399155	3
399365	8
399668	3
399976	3
400261	3
400565	3
400867	3
401161	3
401464	3
401775	3
402073	3
402368	3
402669	3
402962	3
403259	3
403561	3
403848	3
404137	3
404448	3
404750	3
405041	3
405342	3
405639	3
405936	3
406234	3
406529	3
406750	8
407067	3
407367	3
407676	3
407976	3
408269	3
408575	3
408871	3
409172	3
409481	3
409570	37
410022	3
410336	3
410645	3
410954	3
411251	3
411554	3
411861	3
412164	3
412466	3
412768	3
413068	3
413370	3
413678	3
413979	3
414279	3
414585	3
414891	3
415193	3
415503	3
415801	3
416099	3
416410	3
416709	3
417003	3
417303	3
417597	3
417892	3
418191	3
418495	3
418790	3
419081	3
419381	3
419676	3
419962	3
420246	3
420543	3
420833	3
421118	3
421410	3
421696	3
421978	3
422265	3
422506	8
422814	3
423098	3
423388	3
423666	3
423946	3
424181	8
424482	3
424765	3
425038	3
425315	3
425588	3
425863	3
426136	3
426414	3
426697	3
426979	3
427273	3
427558	3
427842	3
428136	3
428423	3
428712	3
428996	3
429284	3
429567	3
429856	3
430144	3
430422	3
430651	8
430984	3
431279	3
431569	3
431854	3
432147	3
432440	3
432735	3
433033	3
433330	3
433625	3
433916	3
434222	3
434521	3
434814	3
435114	3
435411	3
435707	3
436010	3
436305	3
436597	3
436898	3
437202	3
437503	3
437807	3
438107	3
438409	3
438717	3
439019	3
439323	3
439624	3
439923	3
440228	3
440534	3
440823	3
441126	3
441426	3
441717	3
442025	3
442323	3
442611	3
442908	3
443207	3
443499	3
443786	3
444078	3
444363	3
444655	3
444950	3
445233	3
445521	3
445793	3
446088	3
446381	3
446665	3
446953	3
447237	3
447520	3
447726	8
448038	3
448326	3
448610	3
448911	3
449204	3
449494	3
449787	3
450083	3
450373	3
450673	3
450974	3
451270	3
451570	3
451875	3
452175	3
452484	3
452779	3
453085	3
453396	3
453701	3
454014	3
454323	3
454625	3
454941	3
455249	3
455556	3
455866	3
456176	3
456487	3
456804	3
457112	3
457423	3
457737	3
458050	3
458356	3
458656	3
458965	3
459269	3
459572	3
459882	3
460182	3
460477	3
460789	3
461089	3
461385	3
461691	3
461996	3
462296	3
462607	3
462913	3
463206	3
463507	3
463811	3
464100	3
464389	3
464690	3
464977	3
465271	3
465576	3
465867	3
466168	3
466472	3
466771	3
467070	3
467363	3
467665	3
467961	3
468251	3
468554	3
468847	3
469137	3
469436	3
469736	3
470031	3
470323	3
470630	3
470924	3
471224	3
471533	3
471832	3
472129	3
472436	3
472733	3
473035	3
473329	3
473626	3
473932	3
474234	3
474539	3
474846	3
475151	3
475463	3
475774	3
476081	3
476389	3
476701	3
477006	3
477321	3
477630	3
477935	3
478248	3
478564	3
478872	3
479181	3
479496	3
479805	3
479884	37
480367	3
480685	3
480992	3
481291	3
481582	3
481875	3
482151	3
482440	3
482682	8
482995	3
483301	3
483601	3
483894	3
484198	3
484506	3
484801	3
485094	3
485400	3
485695	3
485990	3
486296	3
486592	3
486889	3
487185	3
487489	3
487790	3
488082	3
488388	3
488626	8
488984	3
489105	37
489189	5
489575	3
489881	3
490195	3
490505	3
490810	3
491116	3
491427	3
491656	8
492022	3
492358	3
492679	3
492999	3
493319	3
493640	3
493951	3
494261	3
494571	3
494885	3
495199	3
495512	3
495825	3
496142	3
496462	3
496778	3
497004	8
497375	3
497707	3
497897	5
498348	3
498663	3
498977	3
499212	8
499575	3
499905	3
500230	3
500552	3
500874	3
501203	3
501524	3
501841	3
502163	3
502475	3
502783	3
503104	3
503330	8
503699	3
504039	3
504356	3
504676	3
505002	3
505315	3
505632	3
505945	3
506249	3
506564	3
506873	3
507099	8
507455	3
507761	3
508075	3
508385	3
508606	8
508948	3
509255	3
509558	3
509869	3
510092	8
510435	3
510741	3
511053	3
511359	3
511659	3
511964	3
512264	3
512486	8
512843	3
513150	3
513459	3
513687	8
514036	3
514351	3
514658	3
514888	8
515240	3
515557	3
515873	3
516182	3
516488	3
516804	3
517109	3
517409	3
517720	3
518026	3
518331	3
518649	3
518961	3
519269	3
519585	3
519899	3
520211	3
520521	3
520831	3
521142	3
521458	3
521778	3
522089	3
522402	3
522726	3
523040	3
523344	3
523655	3
523967	3
524275	3
524583	3
524891	3
525201	3
525509	3
525817	3
526121	3
526428	3
526738	3
527044	3
527358	3
527671	3
527973	3
528278	3
528587	3
528889	3
529191	3
529486	3
529793	3
530095	3
530392	3
530702	3
531007	3
531302	3
531614	3
531798	5
532206	3
532513	3
532813	3
533110	3
533408	3
533711	3
534011	3
534309	3
534617	3
534925	3
535227	3
535529	3
535840	3
536147	3
536454	3
536768	3
537073	3
537376	3
537686	3
537991	3
538289	3
538600	3
538909	3
539219	3
539536	3
539845	3
540161	3
540480	3
540791	3
541105	3
541413	3
541723	3
542037	3
542344	3
542658	3
542975	3
543279	3
543594	3
543905	3
544210	3
544525	3
544834	3
545138	3
545451	3
545756	3
546056	3
546370	3
546675	3
546980	3
547289	3
547592	3
547895	3
548199	3
548504	3
548809	3
549109	3
549415	3
549724	3
549942	8
550261	3
550573	3
550872	3
551183	3
551489	3
551787	3
552090	3
552399	3
552704	3
553002	3
553305	3
553604	3
553906	3
554207	3
554503	3
554800	3
555099	3
555392	3
555696	3
555989	3
556288	3
556592	3
556792	5
557084	8
557461	3
557773	3
558086	3
558395	3
558699	3
559005	3
559310	3
559607	3
559910	3
560220	3
560515	3
560816	3
561126	3
561430	3
561735	3
562034	3
562333	3
562629	3
562930	3
563228	3
563520	3
563802	3
564017	8
564334	3
564628	3
564921	3
565220	3
565517	3
565823	3
566136	3
566438	3
566741	3
567059	3
567370	3
567669	3
567977	3
568275	3
568576	3
568885	3
569185	3
569490	3
569803	3
570114	3
570432	3
570743	3
571057	3
571256	5
571669	3
571924	5
572290	3
572591	3
572903	3
573211	3
573513	3
573819	3
574124	3
574436	3
574746	3
575057	3
575365	3
575679	3
575994	3
576304	3
576612	3
576919	3
577228	3
577538	3
577849	3
578163	3
578468	3
578781	3
579089	3
579230	14
579395	3
579699	3
580008	3
580307	3
580607	3
580912	3
581200	3
581496	3
581795	3
582079	3
582310	8
582623	3
582921	3
583207	3
583494	3
583781	3
584015	8
584323	3
584605	3
584888	3
585083	14
585164	3
585422	3
585691	3
585952	3
586211	3
586471	3
586736	3
586990	3
587244	3
587501	3
587762	3
588009	3
588259	3
588504	3
588576	14
588753	3
588996	3
589240	3
589485	3
589727	3
589980	3
590209	3
590449	3
590575	14
590695	3
590938	3
591180	3
591417	3
591664	3
591910	3
592155	3
592400	3
592648	3
592894	3
593134	3
593379	3
593628	3
593869	3
594109	3
594350	3
594593	3
594833	3
595074	3
595321	3
595566	3
595808	3
596051	3
596297	3
596543	3
596787	3
597031	3
597273	3
597515	3
597757	3
598001	3
598243	3
598489	3
598735	3
598979	3
599221	3
599410	8
599689	3
599940	3
600182	3
600435	3
600681	3
600925	3
601173	3
601426	3
601670	3
601917	3
602166	3
602424	3
602665	3
602914	3
603161	3
603409	3
603657	3
603910	3
604163	3
604417	3
604666	3
604920	3
605173	3
605431	3
605683	3
605935	3
606182	3
606437	3
606685	3
606931	3
607186	3
607442	3
607693	3
607943	3
608203	3
608459	3
608713	3
608964	3
609224	3
609473	3
609727	3
609980	3
610237	3
610487	3
610743	3
610994	3
611252	3
611506	3
611761	3
612009	3
612207	8
612626	3
612891	3
613155	3
613414	3
613669	3
613920	3
614178	3
614432	3
614682	3
614932	3
615123	8
615398	3
615650	3
615906	3
616162	3
616356	8
616642	3
616898	3
617156	3
617412	3
617669	3
617922	3
618176	3
618429	3
618685	3
618937	3
619197	3
619449	3
619699	3
619946	3
620205	3
620454	3
620705	3
620953	3
621209	3
621458	3
621591	14
621708	3
621965	3
622066	14
622219	3
622462	3
622709	3
622956	3
623206	3
623451	3
623700	3
623946	3
624132	8
624416	3
624673	3
624926	3
625184	3
625438	3
625692	3
625947	3
626207	3
626466	3
626714	3
626972	3
627225	3
627413	8
627591	8
627847	3
628108	3
628356	3
628607	3
628866	3
629121	3
629374	3
629620	3
629875	3
630121	3
630372	3
630626	3
630884	3
631132	3
631386	3
631636	3
631893	3
632147	3
632403	3
632651	3
632908	3
633163	3
633418	3
633671	3
633929	3
634185	3
634434	3
634696	3
634956	3
635216	3
635470	3
635731	3
635991	3
636247	3
636508	3
636775	3
637030	3
637288	3
637480	8
637904	3
638173	3
638430	3
638686	3
638941	3
639199	3
639394	8
639675	3
639932	3
640186	3
640438	3
640633	8
640915	3
641172	3
641417	3
641675	3
641928	3
642176	3
642432	3
642691	3
642940	3
643193	3
643450	3
643714	3
643968	3
644225	3
644479	3
644734	3
644988	3
645250	3
645510	3
645768	3
646026	3
646250	8
646536	3
646798	3
647064	3
647316	3
647517	8
647802	3
648068	3
648330	3
648600	3
648792	8
649226	3
649429	8
649742	3
