108320	1
108619	1
108922	1
109229	1
109538	1
109848	1
110172	1
110489	1
110792	1
111089	1
111389	1
111705	1
112021	1
112340	1
112659	1
112961	1
113258	1
113558	1
113877	1
114203	1
114526	1
114859	1
115175	1
115477	1
115782	1
116095	1
116417	1
116735	1
117052	1
117358	1
117657	1
117961	1
118273	1
118597	1
118915	1
119229	1
119540	1
119838	1
120134	1
120438	1
120758	1
121076	1
121379	1
121679	1
121971	1
122260	1
122563	1
122874	1
123188	1
123491	1
123776	1
124073	1
124362	1
124646	1
124949	1
125256	1
125561	1
125854	1
126142	1
126445	1
126751	1
127062	1
127383	1
127713	1
128029	1
128327	1
128638	1
128950	1
129267	1
129586	1
129901	1
130209	1
130500	1
130793	1
131104	1
131410	1
131714	1
132027	1
132338	1
132630	1
132919	1
133217	1
133517	1
133808	1
134090	1
134368	1
134651	1
134932	1
135228	1
135556	1
135899	1
136231	1
136563	1
136895	1
137221	1
137542	1
137894	1
138233	1
138558	1
138874	1
139191	1
139506	1
139819	1
140155	1
140489	1
140806	1
141115	1
141425	1
141738	1
142049	1
142376	1
142701	1
143011	1
143313	1
143614	1
143920	1
144220	1
144529	1
144851	1
145157	1
145452	1
145742	1
146046	1
146359	1
146672	1
146994	1
147317	1
147619	1
147924	1
148232	1
148557	1
148879	1
149196	1
149525	1
149831	1
150129	1
150438	1
150763	1
151086	1
151399	1
151717	1
152015	1
152307	1
152600	1
152914	1
153244	1
153563	1
153881	1
154190	1
154492	1
154805	1
155124	1
155457	1
155777	1
156079	1
156391	1
156691	1
156989	1
157305	1
157632	1
157948	1
158251	1
158553	1
158848	1
159143	1
159458	1
159783	1
160112	1
160422	1
160733	1
161051	1
161365	1
161692	1
162023	1
162360	1
162676	1
162978	1
163292	1
163598	1
163906	1
164223	1
164535	1
164828	1
165118	1
165416	1
165720	1
166028	1
166345	1
166661	1
166965	1
167254	1
167547	1
167862	1
168174	1
168483	1
168792	1
169106	1
169409	1
169706	1
170022	1
170349	1
170665	1
170985	1
171291	1
171592	1
171887	1
172189	1
172519	1
172836	1
173143	1
173455	1
173764	1
174067	1
174370	1
174697	1
175014	1
175321	1
175620	1
175914	1
176212	1
176508	1
176818	1
177135	1
177443	1
177738	1
178027	1
178317	1
178608	1
178903	1
179213	1
179525	1
179820	1
180121	1
180425	1
180738	1
181058	1
181379	1
181713	1
182028	1
182325	1
182633	1
182948	1
183263	1
183579	1
183907	1
184210	1
184504	1
184805	1
185111	1
185434	1
185750	1
186062	1
186372	1
186668	1
186973	1
187281	1
187606	1
187927	1
188237	1
188551	1
188850	1
189142	1
189449	1
189770	1
190089	1
190403	1
190718	1
191025	1
191334	1
191650	1
191975	1
192316	1
192634	1
192942	1
193256	1
193567	1
193890	1
194221	1
194561	1
194885	1
195190	1
195515	1
195829	1
196152	1
196483	1
196816	1
197134	1
197437	1
197749	1
198061	1
198371	1
198694	1
199015	1
199322	1
199619	1
199922	1
200230	1
200549	1
200871	1
201187	1
201502	1
201800	1
202100	1
202422	1
202740	1
203061	1
203376	1
203688	1
203989	1
204277	1
204583	1
204904	1
205216	1
205527	1
205837	1
206145	1
206452	1
206764	1
207090	1
207406	1
207719	1
208022	1
208327	1
208619	1
208918	1
209242	1
209554	1
209855	1
210151	1
210440	1
210736	1
211030	1
211325	1
211636	1
211931	1
212213	1
212493	1
212775	1
213063	1
213358	1
213662	1
213973	1
214271	1
214561	1
214851	1
215152	1
215457	1
215766	1
216093	1
216405	1
216703	1
217000	1
217300	1
217618	1
217933	1
218254	1
218579	1
218876	1
219171	1
219471	1
219785	1
220099	1
220406	1
220728	1
221032	1
221318	1
221616	1
221928	1
222246	1
222560	1
222879	1
223184	1
223480	1
223780	1
224086	1
224414	1
224729	1
225036	1
225348	1
225642	1
225933	1
226235	1
226549	1
226860	1
227158	1
227451	1
227750	1
228034	1
228321	1
228630	1
228951	1
229266	1
229561	1
229862	1
230163	1
230458	1
230761	1
231070	1
231380	1
231674	1
231963	1
232264	1
232563	1
232874	1
233201	1
233525	1
233855	1
234152	1
234468	1
234783	1
235100	1
235422	1
235736	1
236048	1
236345	1
236643	1
236955	1
237267	1
237581	1
237894	1
238202	1
238493	1
238784	1
239097	1
239411	1
239722	1
240034	1
240344	1
240644	1
240938	1
241247	1
241570	1
241889	1
242210	1
242516	1
242818	1
243109	1
243403	1
243724	1
244040	1
244343	1
244650	1
244953	1
245256	1
245560	1
245881	1
246207	1
246520	1
246824	1
247122	1
247423	1
247719	1
248029	1
248360	1
248675	1
248979	1
249282	1
249595	1
249915	1
250236	1
250574	1
250901	1
251206	1
251508	1
251812	1
252128	1
252449	1
252777	1
253100	1
253404	1
253704	1
254009	1
254323	1
254637	1
254952	1
255274	1
255571	1
255865	1
256163	1
256478	1
256797	1
257116	1
257440	1
257749	1
258047	1
258359	1
258670	1
258996	1
259313	1
259622	1
259933	1
260229	1
260524	1
260835	1
261159	1
261476	1
261785	1
262095	1
262388	1
262680	1
262985	1
263303	1
263624	1
263928	1
264231	1
264536	1
264837	1
265147	1
265471	1
265804	1
266120	1
266419	1
266733	1
267034	1
267334	1
267649	1
267969	1
268281	1
268576	1
268872	1
269172	1
269468	1
269778	1
270094	1
270411	1
270704	1
270991	1
271297	1
271604	1
271912	1
272226	1
272540	1
272844	1
273137	1
273441	1
273756	1
274070	1
274396	1
274717	1
275032	1
275331	1
275630	1
275961	1
276292	1
276598	1
276904	1
277205	1
277490	1
277772	1
278078	1
278396	1
278716	1
279033	1
279342	1
279658	1
279967	1
280298	1
280637	1
280965	1
281292	1
281607	1
281925	1
282242	1
282568	1
282910	1
283232	1
283550	1
283863	1
284181	1
284495	1
284823	1
285162	1
285486	1
285793	1
286102	1
286421	1
286739	1
287063	1
287403	1
287720	1
288026	1
288332	1
288651	1
288977	1
289305	1
289644	1
289962	1
290263	1
290570	1
290877	1
291198	1
291520	1
291844	1
292163	1
292460	1
292763	1
293077	1
293407	1
293731	1
294049	1
294368	1
294667	1
294959	1
295262	1
295589	1
295907	1
296216	1
296533	1
296836	1
297132	1
297440	1
297758	1
298087	1
298407	1
298715	1
299026	1
299326	1
299642	1
299970	1
300302	1
300618	1
300924	1
301235	1
301537	1
301842	1
302165	1
302498	1
302813	1
303116	1
303434	1
303740	1
304051	1
304373	1
304704	1
305026	1
305330	1
305644	1
305964	1
306286	1
306622	1
306954	1
307281	1
307579	1
307882	1
308196	1
308511	1
308831	1
309151	1
309469	1
309769	1
310075	1
310399	1
310725	1
311052	1
311380	1
311703	1
312020	1
312326	1
312660	1
312986	1
313315	1
313661	1
313992	1
314315	1
314629	1
314969	1
315305	1
315631	1
315955	1
316272	1
316576	1
316895	1
317237	1
317574	1
317902	1
318221	1
318549	1
318869	1
319185	1
319527	1
319854	1
320172	1
320481	1
320796	1
321115	1
321437	1
321780	1
322111	1
322420	1
322730	1
323039	1
323354	1
323680	1
324020	1
324351	1
324657	1
324957	1
325262	1
325565	1
325860	1
326159	1
326465	1
326757	1
327043	1
327337	1
327650	1
327977	1
328298	1
328634	1
328957	1
329267	1
329581	1
329903	1
330241	1
330565	1
330883	1
331191	1
331477	1
331771	1
332077	1
332397	1
332717	1
333032	1
333352	1
333657	1
333961	1
334278	1
334612	1
334931	1
335231	1
335543	1
335842	1
336145	1
336463	1
336787	1
337119	1
337434	1
337743	1
338057	1
338367	1
338700	1
339032	1
339368	1
339698	1
340017	1
340348	1
340677	1
341013	1
341351	1
341689	1
342002	1
342323	1
342645	1
342973	1
343307	1
343638	1
343967	1
344277	1
344588	1
344902	1
345218	1
345547	1
345865	1
346181	1
346481	1
346778	1
347093	1
347417	1
347741	1
348076	1
348411	1
348733	1
349051	1
349391	1
349726	1
350058	1
350382	1
350698	1
351003	1
351305	1
351637	1
351959	1
352273	1
352584	1
352891	1
353193	1
353494	1
353814	1
354143	1
354464	1
354777	1
355080	1
355385	1
355690	1
356005	1
356337	1
356658	1
356969	1
357269	1
357583	1
357890	1
358205	1
358545	1
358864	1
359174	1
359477	1
359785	1
360099	1
360416	1
360752	1
361079	1
361394	1
361705	1
362015	1
362344	1
362671	1
363002	1
363333	1
363647	1
363957	1
364278	1
364608	1
364936	1
365272	1
365600	1
365905	1
366215	1
366534	1
366861	1
367179	1
367498	1
367811	1
368100	1
368394	1
368700	1
369021	1
369336	1
369647	1
369965	1
370266	1
370557	1
370862	1
371192	1
371520	1
371843	1
372164	1
372474	1
372774	1
373084	1
373405	1
373731	1
374038	1
374345	1
374653	1
374948	1
375253	1
375576	1
375901	1
376216	1
376519	1
376836	1
377141	1
377446	1
377772	1
378105	1
378423	1
378728	1
379042	1
379357	1
379673	1
380000	1
380329	1
380652	1
380953	1
381259	1
381567	1
381872	1
382194	1
382511	1
382829	1
383128	1
383420	1
383739	1
384058	1
384380	1
384707	1
385033	1
385345	1
385647	1
385966	1
386291	1
386608	1
386921	1
387232	1
387535	1
387831	1
388142	1
388468	1
388786	1
389112	1
389426	1
389738	1
390036	1
390342	1
390676	1
390994	1
391302	1
391603	1
391897	1
392193	1
392322	14
392477	1
392768	1
393055	1
393325	1
393583	1
393832	1
394080	1
394327	1
394566	1
394809	1
395066	1
395320	1
395437	14
395567	1
395804	1
396037	1
396273	1
396518	1
396761	1
397014	1
397286	1
397569	1
397845	1
398111	1
398385	1
398671	1
398968	1
399274	1
399588	1
399910	1
400218	1
400521	1
400829	1
401157	1
401487	1
401827	1
402164	1
402481	1
402803	1
403132	1
403475	1
403809	1
404150	1
404482	1
404792	1
405100	1
405404	1
405724	1
406044	1
406357	1
406685	1
406993	1
407303	1
407627	1
407954	1
408286	1
408614	1
408936	1
409229	1
409520	1
409830	1
410173	1
410497	1
410816	1
411140	1
411454	1
411755	1
412068	1
412402	1
412731	1
413022	1
413301	1
413367	14
413576	1
413836	1
414092	1
414360	1
414630	1
414903	1
415166	1
415421	1
415687	1
415951	1
416216	1
416500	1
416790	1
417092	1
417392	1
417689	1
417997	1
418275	8
418638	1
418976	1
419305	1
419627	1
419931	1
420249	1
420574	1
420894	1
421234	1
421564	1
421882	1
422192	1
422512	1
422843	1
423172	1
423513	1
423842	1
424160	1
424467	1
424779	1
425101	1
425420	1
425740	1
426054	1
426367	1
426677	1
426998	1
427345	1
427678	1
428020	1
428344	1
428666	1
428983	1
429316	1
429671	1
430000	1
430334	1
430653	1
430974	1
431287	1
431617	1
431958	1
432284	1
432586	1
432867	1
433139	1
433405	1
433671	1
433958	1
434246	1
434530	1
434808	1
435081	1
435359	1
435636	1
435911	1
436197	1
436484	1
436751	1
437003	1
437256	1
437512	1
437775	1
438038	1
438305	1
438589	1
438866	1
439133	1
439404	1
439683	1
439977	1
440272	1
440572	1
440893	1
441202	1
441506	1
441812	1
442135	1
442478	1
442812	1
443152	1
443478	1
443786	1
444100	1
444431	1
444773	1
445105	1
445449	1
445776	1
446085	1
446406	1
446743	1
447076	1
447405	1
447735	1
448047	1
448354	1
448671	1
449005	1
449335	1
449651	1
449969	1
450277	1
450577	1
450894	1
451212	1
451535	1
451845	1
452143	1
452451	1
452746	1
453036	1
453347	1
453672	1
453984	1
454277	1
454583	1
454890	1
455197	1
455516	1
455843	1
456173	1
456481	1
456798	1
457116	1
457443	1
457787	1
458118	1
458452	1
458769	1
459090	1
459418	1
459754	1
460097	1
460437	1
460763	1
461078	1
461402	1
461737	1
462063	1
462387	1
462712	1
463032	1
463341	1
463668	1
464003	1
464340	1
464671	1
464988	1
465296	1
465595	1
465913	1
466236	1
466554	1
466874	1
467180	1
467480	1
467767	1
468058	1
468219	14
468376	1
468695	1
468997	1
469298	1
469606	1
469910	1
470220	1
470561	1
470900	1
471221	1
471534	1
471844	1
472154	1
472462	1
472791	1
473113	1
473413	1
473715	1
474014	1
474316	1
474614	1
474920	1
475247	1
475560	1
475855	1
476160	1
476486	1
476788	1
477079	1
477378	1
477663	1
477931	1
478193	1
478385	14
478450	1
478718	1
478988	1
479258	1
479537	1
479826	1
480098	1
480367	1
480651	1
480948	1
481259	1
481577	1
481908	1
482236	1
482543	1
482862	1
483186	1
483516	1
483848	1
484183	1
484510	1
484820	1
485128	1
485440	1
485774	1
486095	1
486422	1
486747	1
487058	1
487382	1
487721	1
488070	1
488407	1
488741	1
489066	1
489377	1
489639	8
490041	1
490395	1
490727	1
491053	1
491375	1
491695	1
492019	1
492344	1
492677	1
492984	1
493285	1
493592	1
493895	1
494218	1
494541	1
494875	1
495194	1
495503	1
495817	1
496127	1
496456	1
496793	1
497122	1
497433	1
497740	1
498053	1
498361	1
498675	1
499001	1
499337	1
499645	1
499949	1
500275	1
500594	1
500915	1
501237	1
501567	1
501881	1
502186	1
502521	1
502863	1
503191	1
503524	1
503856	1
504174	1
504488	1
504819	1
505157	1
505487	1
505816	1
506138	1
506449	1
506765	1
507098	1
507429	1
507751	1
508068	1
508379	1
508679	1
508973	1
509293	1
509614	1
509930	1
510252	1
510564	1
510878	1
511194	1
511530	1
511871	1
512190	1
512504	1
512807	1
513112	1
513402	1
513695	1
514002	1
514308	1
514607	1
514908	1
515233	1
515562	1
515896	1
516261	1
516612	1
516934	1
517252	1
517586	1
517920	1
518252	1
518595	1
518918	1
519223	1
519534	1
519857	1
520183	1
520509	1
520850	1
521166	1
521469	1
521775	1
522099	1
522422	1
522729	1
523045	1
523341	1
523628	1
523922	1
524220	1
524546	1
524872	1
525198	1
525511	1
525806	1
526115	1
526437	1
526768	1
527099	1
527428	1
527750	1
528042	1
528344	1
528657	1
528994	1
529319	1
529644	1
529977	1
530293	1
530607	1
530937	1
531286	1
531619	1
531939	1
532270	1
532588	1
532911	1
533251	1
533600	1
533936	1
534253	1
534579	1
534892	1
535215	1
535546	1
535870	1
536176	1
536481	1
536801	1
537119	1
537454	1
537778	1
538101	1
538399	1
538679	1
538975	1
539263	1
539558	1
539872	1
540196	1
540516	1
540826	1
541143	1
541472	1
541804	1
542144	1
542481	1
542804	1
543114	1
543435	1
543756	1
544081	1
544413	1
544737	1
545050	1
545355	1
545670	1
546002	1
546331	1
546668	1
546989	1
547309	1
547621	1
547935	1
548269	1
548595	1
548917	1
549234	1
549553	1
549858	1
550172	1
550506	1
550836	1
551160	1
551469	1
551779	1
552084	1
552394	1
552729	1
553047	1
553358	1
553662	1
553965	1
554267	1
554576	1
554914	1
555239	1
555544	1
555848	1
556160	1
556476	1
556796	1
557140	1
557481	1
557813	1
558132	1
558460	1
558791	1
559116	1
559464	1
559797	1
560106	1
560403	1
560711	1
561033	1
561356	1
561682	1
562007	1
562313	1
562621	1
562927	1
563240	1
563558	1
563881	1
564201	1
564507	1
564818	1
565126	1
565454	1
565779	1
566114	1
566445	1
566751	1
567063	1
567385	1
567724	1
568051	1
568379	1
568707	1
569007	1
569307	1
569622	1
569950	1
570273	1
570587	1
570907	1
571214	1
571512	1
571815	1
572136	1
572457	1
572760	1
573064	1
573358	1
573653	1
573963	1
574285	1
574613	1
574928	1
575228	1
575535	1
575835	1
576150	1
576473	1
576799	1
577113	1
577420	1
577736	1
578052	1
578369	1
578709	1
579055	1
579374	1
579681	1
580008	1
580321	1
580629	1
580943	1
581264	1
581575	1
581868	1
582179	1
582496	1
582814	1
583140	1
583463	1
583779	1
584080	1
584389	1
584705	1
585030	1
585364	1
585697	1
586021	1
586334	1
586656	1
586984	1
587314	1
587646	1
587964	1
588280	1
588583	1
588897	1
589228	1
589548	1
589874	1
590196	1
590507	1
590808	1
591118	1
591455	1
591786	1
592114	1
592439	1
592762	1
593072	1
593396	1
593735	1
594069	1
594399	1
594717	1
594882	14
595029	1
595333	1
595645	1
595978	1
596298	1
596611	1
596918	1
597223	1
597530	1
597846	1
598184	1
598508	1
598818	1
599129	1
599445	1
599758	1
600080	1
600425	1
600755	1
601081	1
601392	1
601717	1
602053	1
602388	1
602740	1
603071	1
603383	1
603698	1
604022	1
604345	1
604665	1
605001	1
605321	1
605619	1
605927	1
606246	1
606574	1
606908	1
607245	1
607561	1
607866	1
608175	1
608502	1
608832	1
609150	1
609482	1
609788	1
610083	1
610381	1
610679	1
610999	1
611311	1
611625	1
611953	1
612261	1
612570	1
612894	1
613236	1
613564	1
613885	1
614208	1
614519	1
614836	1
615164	1
615506	1
615830	1
616145	1
616460	1
616765	1
617082	1
617416	1
617762	1
618099	1
618420	1
618746	1
619060	1
619385	1
619722	1
620066	1
620389	1
620706	1
621028	1
621344	1
621677	1
622014	1
622354	1
622667	1
622975	1
623287	1
623587	1
623895	1
624197	1
624501	1
624796	1
625083	1
625386	1
625692	1
626012	1
626347	1
626681	1
626996	1
627303	1
627622	1
627954	1
628286	1
628622	1
628961	1
629281	1
629584	1
629907	1
630233	1
630559	1
630884	1
631202	1
631514	1
631814	1
632127	1
632448	1
632764	1
633084	1
633390	1
633686	1
633977	1
634278	1
634602	1
634932	1
635265	1
635594	1
635920	1
636238	1
636570	1
636923	1
637264	1
637604	1
637931	1
638262	1
638585	1
638923	1
639267	1
639597	1
639923	1
640237	1
640554	1
640869	1
641198	1
641531	1
641850	1
642159	1
642463	1
642777	1
643088	1
643413	1
643744	1
644059	1
644364	1
644668	1
644981	1
645287	1
645602	1
645947	1
646269	1
646576	1
646891	1
647215	1
647546	1
647879	1
648227	1
648557	1
648872	1
649195	1
649534	1
649875	1
