108045	1
108342	1
108643	1
108926	1
109199	1
109486	1
109772	1
110076	1
110374	1
110673	1
110963	1
111244	1
111524	1
111810	1
112108	1
112405	1
112710	1
113000	1
113281	1
113562	1
113850	1
114142	1
114428	1
114716	1
115000	1
115280	1
115547	1
115815	1
116084	1
116369	1
116654	1
116939	1
117213	1
117494	1
117766	1
118044	1
118323	1
118607	1
118911	1
119215	1
119509	1
119791	1
120077	1
120376	1
120676	1
120990	1
121300	1
121604	1
121889	1
122170	1
122460	1
122750	1
123050	1
123360	1
123664	1
123936	1
124221	1
124507	1
124775	1
125060	1
125355	1
125648	1
125926	1
126203	1
126476	1
126746	1
127025	1
127313	1
127603	1
127892	1
128085	8
128423	1
128698	1
128958	1
129230	1
129519	1
129798	1
130057	1
130318	1
130568	1
130818	1
131073	1
131326	1
131584	1
131851	1
132122	1
132381	1
132629	1
132883	1
133132	1
133390	1
133662	1
133933	1
134197	1
134463	1
134737	1
134990	1
135243	1
135504	1
135780	1
136061	1
136350	1
136630	1
136899	1
137170	1
137449	1
137729	1
138008	1
138304	1
138598	1
138888	1
139164	1
139440	1
139719	1
140009	1
140302	1
140599	1
140881	1
141152	1
141423	1
141684	1
141943	1
142207	1
142479	1
142747	1
143010	1
143265	1
143515	1
143766	1
144025	1
144286	1
144557	1
144832	1
145111	1
145381	1
145647	1
145902	1
146170	1
146445	1
146737	1
147013	1
147290	1
147565	1
147832	1
148099	1
148363	1
148637	1
148916	1
149204	1
149488	1
149768	1
150030	1
150303	1
150575	1
150849	1
151122	1
151407	1
151700	1
151974	1
152237	1
152510	1
152781	1
153067	1
153362	1
153644	1
153922	1
154193	1
154470	1
154741	1
155009	1
155291	1
155588	1
155865	1
156132	1
156395	1
156648	1
156906	1
157168	1
157430	1
157695	1
157960	1
158233	1
158489	1
158730	1
158974	1
159225	1
159479	1
159738	1
160001	1
160260	1
160507	1
160755	1
161005	1
161254	1
161499	1
161764	1
162035	1
162308	1
162573	1
162835	1
163093	1
163362	1
163629	1
163899	1
164182	1
164461	1
164731	1
164991	1
165246	1
165499	1
165756	1
166032	1
166301	1
166570	1
166841	1
167111	1
167371	1
167641	1
167912	1
168191	1
168484	1
168784	1
169074	1
169349	1
169629	1
169907	1
170201	1
170495	1
170719	8
171074	1
171371	1
171652	1
171921	1
172199	1
172481	1
172776	1
173067	1
173351	1
173629	1
173907	1
174176	1
174451	1
174737	1
175023	1
175323	1
175608	1
175877	1
176145	1
176427	1
176698	1
176975	1
177248	1
177523	1
177797	1
178059	1
178316	1
178578	1
178841	1
179117	1
179388	1
179662	1
179927	1
180182	1
180443	1
180705	1
180964	1
181236	1
181523	1
181811	1
182084	1
182353	1
182624	1
182896	1
183181	1
183475	1
183778	1
184071	1
184361	1
184649	1
184933	1
185213	1
185510	1
185828	1
186137	1
186428	1
186717	1
187005	1
187291	1
187577	1
187872	1
188179	1
188481	1
188763	1
189043	1
189330	1
189624	1
189929	1
190228	1
190529	1
190820	1
191112	1
191395	1
191674	1
191977	1
192281	1
192575	1
192862	1
193146	1
193423	1
193703	1
193994	1
194281	1
194574	1
194868	1
195156	1
195426	1
195701	1
195978	1
196268	1
196560	1
196847	1
197132	1
197414	1
197685	1
197950	1
198224	1
198504	1
198791	1
199075	1
199353	1
199619	1
199894	1
200161	1
200434	1
200714	1
200993	1
201271	1
201545	1
201806	1
202067	1
202339	1
202614	1
202896	1
203182	1
203468	1
203741	1
204021	1
204299	1
204574	1
204854	1
205158	1
205459	1
205737	1
206016	1
206288	1
206567	1
206844	1
207130	1
207421	1
207724	1
208004	1
208277	1
208548	1
208822	1
209100	1
209392	1
209683	1
209973	1
210256	1
210534	1
210809	1
211085	1
211364	1
211654	1
211951	1
212228	1
212502	1
212777	1
213058	1
213326	1
213606	1
213894	1
214181	1
214465	1
214738	1
215005	1
215280	1
215563	1
215850	1
216141	1
216431	1
216710	1
216990	1
217268	1
217547	1
217824	1
218122	1
218416	1
218703	1
218972	1
219246	1
219529	1
219813	1
220098	1
220391	1
220691	1
220977	1
221252	1
221527	1
221804	1
222081	1
222375	1
222666	1
222951	1
223227	1
223507	1
223783	1
224047	1
224328	1
224621	1
224915	1
225195	1
225472	1
225743	1
226024	1
226296	1
226573	1
226863	1
227144	1
227427	1
227702	1
227975	1
228238	1
228516	1
228808	1
229094	1
229376	1
229660	1
229936	1
230214	1
230485	1
230761	1
231058	1
231357	1
231638	1
231913	1
232190	1
232459	1
232732	1
233016	1
233301	1
233588	1
233875	1
234151	1
234415	1
234684	1
234959	1
235249	1
235547	1
235828	1
236108	1
236390	1
236664	1
236927	1
237205	1
237495	1
237783	1
238070	1
238343	1
238610	1
238884	1
239157	1
239433	1
239717	1
239996	1
240266	1
240541	1
240809	1
241065	1
241318	1
241588	1
241855	1
242114	1
242373	1
242632	1
242879	1
243132	1
243388	1
243643	1
243908	1
244191	1
244461	1
244729	1
244984	1
245246	1
245515	1
245791	1
246065	1
246352	1
246647	1
246935	1
247201	1
247469	1
247742	1
248017	1
248300	1
248586	1
248878	1
249158	1
249433	1
249706	1
249988	1
250273	1
250558	1
250858	1
251160	1
251441	1
251710	1
251994	1
252285	1
252584	1
252868	1
253159	1
253456	1
253741	1
254010	1
254282	1
254585	1
254891	1
255170	1
255453	1
255738	1
256027	1
256295	1
256572	1
256860	1
257157	1
257439	1
257710	1
257966	1
258226	1
258478	1
258737	1
259005	1
259280	1
259541	1
259811	1
260076	1
260334	1
260585	1
260852	1
261132	1
261417	1
261690	1
261968	1
262241	1
262516	1
262789	1
263062	1
263350	1
263641	1
263931	1
264217	1
264499	1
264772	1
265062	1
265354	1
265651	1
265947	1
266238	1
266528	1
266815	1
267099	1
267375	1
267679	1
267978	1
268260	1
268544	1
268823	1
269102	1
269384	1
269669	1
269960	1
270257	1
270550	1
270821	1
271094	1
271370	1
271656	1
271952	1
272244	1
272533	1
272839	1
273123	1
273394	1
273675	1
273967	1
274264	1
274560	1
274852	1
275131	1
275403	1
275671	1
275949	1
276235	1
276516	1
276804	1
277102	1
277388	1
277649	1
277923	1
278211	1
278518	1
278814	1
279098	1
279382	1
279576	8
279918	1
280209	1
280511	1
280814	1
281110	1
281402	1
281682	1
281955	1
282232	1
282513	1
282801	1
283096	1
283389	1
283672	1
283944	1
284216	1
284491	1
284778	1
285073	1
285363	1
285653	1
285936	1
286210	1
286486	1
286763	1
287051	1
287353	1
287655	1
287944	1
288225	1
288506	1
288792	1
289076	1
289373	1
289667	1
289971	1
290257	1
290538	1
290813	1
291109	1
291407	1
291696	1
291990	1
292281	1
292566	1
292844	1
293123	1
293411	1
293712	1
294011	1
294296	1
294581	1
294857	1
295142	1
295421	1
295717	1
296013	1
296319	1
296611	1
296889	1
297169	1
297450	1
297738	1
298032	1
298334	1
298627	1
298920	1
299206	1
299483	1
299756	1
300051	1
300360	1
300662	1
300940	1
301210	1
301494	1
301781	1
302063	1
302347	1
302644	1
302947	1
303240	1
303503	1
303773	1
304065	1
304361	1
304639	1
304923	1
305211	1
305497	1
305709	8
306035	1
306337	1
306641	1
306943	1
307234	1
307514	1
307745	8
308062	1
308349	1
308625	1
308912	1
309216	1
309515	1
309780	1
310052	1
310332	1
310626	1
310914	1
311199	1
311488	1
311783	1
312062	1
312327	1
312605	1
312825	8
313193	1
313508	1
313808	1
314090	1
314373	1
314664	1
314952	1
315245	1
315541	1
315843	1
316136	1
316415	1
316693	1
316980	1
317266	1
317560	1
317785	8
318145	1
318438	1
318729	1
319011	1
319223	8
319586	1
319904	1
320205	1
320493	1
320786	1
321072	1
321371	1
321663	1
321968	1
322275	1
322573	1
322856	1
323138	1
323425	1
323730	1
324044	1
324340	1
324641	1
324929	1
325215	1
325495	1
325782	1
326088	1
326395	1
326698	1
326986	1
327276	1
327566	1
327858	1
328149	1
328452	1
328753	1
329056	1
329339	1
329619	1
329912	1
330216	1
330524	1
330819	1
331124	1
331411	1
331704	1
331989	1
332279	1
332588	1
332897	1
333199	1
333479	1
333768	1
334056	1
334348	1
334643	1
334943	1
335248	1
335543	1
335823	1
336100	1
336385	1
336679	1
336979	1
337281	1
337571	1
337862	1
338145	1
338432	1
338720	1
339025	1
339327	1
339634	1
339926	1
340205	1
340492	1
340780	1
341075	1
341379	1
341684	1
341974	1
342266	1
342547	1
342822	1
343115	1
343409	1
343705	1
343995	1
344279	1
344556	1
344843	1
345129	1
345415	1
345722	1
346017	1
346308	1
346596	1
346804	8
347147	1
347454	1
347759	1
348063	1
348367	1
348658	1
348934	1
349221	1
349502	1
349804	1
350112	1
350410	1
350692	1
350980	1
351265	1
351481	8
351821	1
352115	1
352416	1
352711	1
352986	1
353257	1
353547	1
353832	1
354128	1
354426	1
354717	1
355015	1
355302	1
355579	1
355858	1
356165	1
356463	1
356758	1
357045	1
357327	1
357610	1
357900	1
358186	1
358482	1
358788	1
359086	1
359365	1
359634	1
359903	1
360182	1
360471	1
360763	1
361051	1
361343	1
361625	1
361894	1
362162	1
362451	1
362732	1
363026	1
363318	1
363606	1
363878	1
364158	1
364446	1
364730	1
365022	1
365330	1
365640	1
365914	1
366191	1
366482	1
366778	1
367063	1
367363	1
367674	1
367960	1
368247	1
368531	1
368824	1
369109	1
369410	1
369714	1
370010	1
370279	1
370557	1
370842	1
371131	1
371406	1
371703	1
372007	1
372299	1
372557	1
372834	1
373123	1
373428	1
373712	1
374000	1
374303	1
374595	1
374855	1
375124	1
375412	1
375715	1
375998	1
376287	1
376576	1
376861	1
377081	8
377404	1
377700	1
378005	1
378308	1
378608	1
378886	1
379159	1
379439	1
379731	1
380023	1
380312	1
380610	1
380898	1
381173	1
381452	1
381724	1
382014	1
382308	1
382607	1
382895	1
383183	1
383457	1
383743	1
384027	1
384317	1
384614	1
384915	1
385205	1
385487	1
385768	1
386050	1
386349	1
386649	1
386941	1
387241	1
387533	1
387811	1
388084	1
388373	1
388671	1
388979	1
389277	1
389563	1
389860	1
390149	1
390434	1
390730	1
391039	1
391344	1
391641	1
391924	1
392204	1
392493	1
392780	1
393077	1
393377	1
393674	1
393957	1
394243	1
394519	1
394801	1
395096	1
395401	1
395697	1
395989	1
396268	1
396553	1
396845	1
397133	1
397335	8
397704	1
398007	1
398294	1
398569	1
398853	1
399139	1
399436	1
399730	1
400023	1
400321	1
400599	1
400877	1
401163	1
401453	1
401757	1
402061	1
402361	1
402646	1
402933	1
403215	1
403509	1
403804	1
404100	1
404403	1
404697	1
404980	1
405255	1
405543	1
405836	1
406131	1
406425	1
406715	1
407005	1
407288	1
407559	1
407849	1
408151	1
408452	1
408746	1
409030	1
409314	1
409597	1
409881	1
410177	1
410477	1
410781	1
411071	1
411352	1
411632	1
411915	1
412206	1
412512	1
412816	1
413109	1
413402	1
413692	1
413969	1
414249	1
414541	1
414847	1
415143	1
415430	1
415703	1
415994	1
416275	1
416555	1
416849	1
417152	1
417445	1
417728	1
418006	1
418283	1
418577	1
418866	1
419155	1
419453	1
419745	1
420022	1
420302	1
420583	1
420873	1
421173	1
421474	1
421766	1
421994	8
422320	1
422603	1
422818	8
423164	1
423462	1
423767	1
424064	1
424339	1
424616	1
424893	1
425188	1
425491	1
425788	1
426078	1
426380	1
426661	1
426938	1
427225	1
427523	1
427827	1
428129	1
428413	1
428698	1
428992	1
429276	1
429558	1
429867	1
430165	1
430470	1
430754	1
431034	1
431315	1
431615	1
431910	1
432209	1
432509	1
432799	1
433082	1
433364	1
433648	1
433841	8
434211	1
434513	1
434810	1
435096	1
435370	1
435658	1
435951	1
436149	8
436512	1
436819	1
437118	1
437400	1
437682	1
437965	1
438268	1
438570	1
438865	1
439158	1
439454	1
439740	1
440022	1
440312	1
440622	1
440934	1
441230	1
441518	1
441814	1
442109	1
442406	1
442623	8
442992	1
443304	1
443606	1
443888	1
444175	1
444473	1
444705	8
445060	1
445362	1
445658	1
445948	1
446226	1
446507	1
446800	1
447104	1
447402	1
447695	1
447980	1
448264	1
448548	1
448834	1
449137	1
449441	1
449748	1
450038	1
450325	1
450607	1
450895	1
451193	1
451501	1
451805	1
452101	1
452390	1
452678	1
452959	1
453250	1
453545	1
453852	1
454154	1
454444	1
454651	8
454997	1
455293	1
455588	1
455888	1
456189	1
456487	1
456771	1
457045	1
457333	1
457634	1
457937	1
458168	8
458524	1
458816	1
459103	1
459380	1
459664	1
459966	1
460275	1
460571	1
460858	1
461148	1
461433	1
461721	1
462014	1
462314	1
462621	1
462919	1
463197	1
463481	1
463765	1
464049	1
464361	1
464664	1
464960	1
465257	1
465538	1
465820	1
466104	1
466404	1
466707	1
467010	1
467308	1
467589	1
467878	1
468164	1
468459	1
468762	1
469065	1
469363	1
469660	1
469942	1
470230	1
470530	1
470837	1
471139	1
471444	1
471727	1
472019	1
472304	1
472589	1
472887	1
473201	1
473498	1
473792	1
474074	1
474362	1
474652	1
474942	1
475237	1
475547	1
475851	1
476136	1
476417	1
476705	1
477000	1
477307	1
477604	1
477898	1
478195	1
478480	1
478757	1
479040	1
479332	1
479633	1
479931	1
480218	1
480494	1
480779	1
481057	1
481340	1
481641	1
481941	1
482239	1
482525	1
482801	1
483071	1
483350	1
483634	1
483930	1
484220	1
484507	1
484786	1
485073	1
485352	1
485641	1
485939	1
486253	1
486556	1
486844	1
487129	1
487423	1
487719	1
488018	1
488320	1
488635	1
488931	1
489214	1
489497	1
489788	1
490090	1
490393	1
490695	1
490994	1
491287	1
491570	1
491850	1
492145	1
492445	1
492750	1
493046	1
493340	1
493623	1
493914	1
494199	1
494491	1
494789	1
495085	1
495370	1
495649	1
495924	1
496201	1
496499	1
496712	8
497074	1
497376	1
497664	1
497945	1
498230	1
498517	1
498812	1
499114	1
499417	1
499701	1
499987	1
500268	1
500549	1
500847	1
501145	1
501448	1
501745	1
502039	1
502316	1
502601	1
502888	1
503191	1
503496	1
503794	1
504080	1
504372	1
504654	1
504936	1
505227	1
505528	1
505830	1
506125	1
506398	1
506679	1
506969	1
507256	1
507552	1
507855	1
508159	1
508455	1
508744	1
509019	1
509319	1
509623	1
509923	1
510220	1
510520	1
510804	1
511093	1
511371	1
511660	1
511970	1
512277	1
512567	1
512851	1
513135	1
513424	1
513719	1
514014	1
514318	1
514628	1
514919	1
515194	1
515476	1
515762	1
516065	1
516371	1
516667	1
516970	1
517266	1
517553	1
517832	1
518127	1
518426	1
518734	1
519028	1
519307	1
519594	1
519882	1
520149	1
520463	1
520768	1
520982	8
521342	1
521627	1
521913	1
522209	1
522511	1
522815	1
523116	1
523416	1
523708	1
523999	1
524279	1
524577	1
524890	1
525198	1
525492	1
525780	1
526064	1
526355	1
526646	1
526941	1
527243	1
527549	1
527838	1
528118	1
528402	1
528689	1
528991	1
529293	1
529599	1
529897	1
530191	1
530471	1
530762	1
531057	1
531358	1
531668	1
531967	1
532257	1
532544	1
532828	1
533121	1
533416	1
533719	1
534012	1
534307	1
534592	1
534873	1
535161	1
535459	1
535768	1
536067	1
536364	1
536644	1
536930	1
537212	1
537505	1
537810	1
538115	1
538421	1
538707	1
538993	1
539278	1
539575	1
539874	1
540172	1
540472	1
540768	1
541052	1
541334	1
541616	1
541916	1
542226	1
542529	1
542825	1
543116	1
543407	1
543689	1
543983	1
544285	1
544590	1
544895	1
545182	1
545455	1
545741	1
546022	1
546306	1
546599	1
546792	5
547199	1
547482	1
547758	1
548032	1
548334	1
548632	1
548926	1
549217	1
549502	1
549784	1
550070	1
550348	1
550639	1
550952	1
551253	1
551532	1
551815	1
552096	1
552385	1
552680	1
552974	1
553282	1
553588	1
553876	1
554154	1
554439	1
554723	1
555026	1
555323	1
555613	1
555914	1
556203	1
556486	1
556765	1
557056	1
557361	1
557667	1
557962	1
558238	1
558527	1
558813	1
559102	1
559395	1
559695	1
559997	1
560295	1
560576	1
560846	1
561141	1
561435	1
561732	1
562019	1
562308	1
562591	1
562812	8
563141	1
563423	1
563731	1
564030	1
564320	1
564601	1
564883	1
565164	1
565452	1
565741	1
566041	1
566259	8
566615	1
566899	1
567185	1
567379	8
567721	1
568027	1
568326	1
568624	1
568919	1
569204	1
569482	1
569762	1
570058	1
570366	1
570668	1
570957	1
571246	1
571538	1
571831	1
572122	1
572428	1
572730	1
573040	1
573328	1
573608	1
573893	1
574193	1
574429	8
574786	1
575095	1
575387	1
575678	1
575959	1
576248	1
576551	1
576862	1
577162	1
577456	1
577741	1
578025	1
578310	1
578600	1
578901	1
579204	1
579448	8
579790	1
580074	1
580357	1
580648	1
580947	1
581246	1
581543	1
581834	1
582119	1
582395	1
582668	1
582919	1
583239	1
583539	1
583821	1
584097	1
584363	1
584635	1
584903	1
585175	1
585454	1
585731	1
586011	1
586275	1
586525	1
586771	1
587030	1
587299	1
587572	1
587843	1
588113	1
588377	1
588643	1
588905	1
589177	1
589454	1
589747	1
590040	1
590316	1
590588	1
590863	1
591143	1
591417	1
591706	1
591999	1
592288	1
592571	1
592853	1
593068	8
593387	1
593683	1
593990	1
594280	1
594563	1
594855	1
595127	1
595402	1
595690	1
595992	1
596278	1
596584	1
596879	1
597136	1
597402	1
597670	1
597925	1
598186	1
598458	1
598713	1
598969	1
599222	1
599468	1
599703	1
599952	1
600214	1
600483	1
600739	1
601011	1
601273	1
601537	1
601799	1
602064	1
602330	1
602610	1
602893	1
603179	1
603455	1
603722	1
603989	1
604277	1
604564	1
604844	1
605148	1
605459	1
605737	1
606008	1
606293	1
606587	1
606880	1
607178	1
607475	1
607766	1
608043	1
608309	1
608576	1
608853	1
609136	1
609425	1
609715	1
609987	1
610262	1
610544	1
610823	1
611108	1
611399	1
611695	1
611986	1
612263	1
612539	1
612819	1
613108	1
613399	1
613693	1
613983	1
614259	1
614539	1
614816	1
615089	1
615370	1
615676	1
615968	1
616250	1
616526	1
616803	1
617086	1
617366	1
617655	1
617949	1
618248	1
618528	1
618804	1
619081	1
619362	1
619653	1
619951	1
620249	1
620541	1
620826	1
621102	1
621379	1
621661	1
621944	1
622247	1
622541	1
622823	1
623089	1
623367	1
623638	1
623917	1
624191	1
624482	1
624765	1
625048	1
625309	1
625579	1
625853	1
626138	1
626427	1
626715	1
627000	1
627281	1
627555	1
627827	1
628103	1
628391	1
628688	1
628981	1
629171	8
629494	1
629761	1
630027	1
630289	1
630561	1
630836	1
631110	1
631377	1
631636	1
631898	1
632156	1
632414	1
632688	1
632958	1
633229	1
633498	1
633768	1
634028	1
634283	1
634545	1
634826	1
635107	1
635394	1
635684	1
635966	1
636238	1
636520	1
636811	1
637105	1
637399	1
637704	1
637997	1
638282	1
638560	1
638846	1
639140	1
639446	1
639744	1
640039	1
640329	1
640615	1
640900	1
641178	1
641479	1
641777	1
642065	1
642337	1
642614	1
642887	1
643164	1
643439	1
643721	1
644005	1
644286	1
644547	1
644807	1
645063	1
645320	1
645581	1
645863	1
646132	1
646393	1
646658	1
646916	1
647168	1
647414	1
647672	1
647934	1
648203	1
648477	1
648733	1
648978	1
649232	1
649484	1
649734	1
649991	1
