108057	1
108362	38
108665	38
108943	38
109223	38
109516	38
109809	38
110106	38
110398	38
110702	38
110997	38
111269	13
111566	13
111856	13
112150	13
112456	38
112756	38
113047	38
113327	13
113612	13
113908	13
114196	13
114505	13
114816	13
115121	13
115405	13
115658	13
115900	28
115955	38
116246	12
116567	12
116840	12
117144	12
117433	12
117710	12
117999	12
118291	12
118582	12
118898	12
119185	12
119487	12
119763	12
120047	12
120341	12
120627	12
120776	14
120925	12
121228	12
121530	12
121709	14
121816	12
122092	12
122387	12
122676	12
122965	12
123264	12
123571	12
123865	12
124145	12
124435	12
124722	12
125012	12
125315	12
125615	12
125918	12
126199	12
126480	12
126773	12
127060	12
127354	12
127657	12
127965	12
128251	38
128528	38
128838	38
129106	38
129242	28
129379	1
129666	1
129950	1
130236	1
130502	1
130770	1
131056	1
131279	14
131330	1
131611	1
131901	1
132201	1
132487	1
132761	1
133047	1
133334	1
133623	38
133918	1
134218	1
134526	38
134807	38
134937	14
135087	38
135386	38
135677	38
135976	38
136284	38
136586	38
136880	38
137159	38
137458	38
137746	38
137877	14
138037	38
138306	38
138494	14
138611	38
138909	38
139189	38
139477	38
139767	38
140053	38
140354	38
140656	38
140960	38
141269	38
141546	38
141833	38
142113	38
142398	38
142695	38
143002	38
143291	38
143562	38
143856	38
144143	38
144433	38
144733	38
145047	38
145347	38
145635	38
145937	38
146197	38
146484	38
146784	38
146935	28
147086	12
147392	12
147677	12
147959	12
148250	12
148533	12
148826	12
149129	12
149437	12
149726	12
150005	12
150301	12
150585	12
150869	12
151166	12
151476	12
151607	28
151739	1
151994	1
152286	38
152576	38
152862	38
153156	38
153456	38
153765	38
154062	38
154348	38
154644	38
154935	38
155201	38
155500	38
155813	38
155963	28
156113	12
156392	12
156687	12
156971	12
157250	12
157546	12
157850	12
158152	12
158439	12
158569	28
158700	1
158986	1
159278	38
159587	38
159903	38
160188	38
160478	38
160619	28
160760	12
161052	12
161335	12
161618	12
161917	12
162226	12
162527	12
162809	12
163101	12
163390	12
163671	12
163930	38
164223	1
164538	38
164830	38
165116	38
165413	38
165702	38
165972	38
166271	38
166581	38
166881	12
167160	12
167455	12
167740	12
168020	12
168315	12
168621	12
168923	12
169211	12
169499	12
169785	12
170066	12
170361	12
170494	28
170628	1
170911	1
171215	38
171499	38
171791	38
172071	38
172355	38
172652	38
172962	38
173264	38
173561	38
173855	38
174145	38
174397	38
174544	28
174691	12
174995	12
175302	12
175592	12
175880	12
176168	12
176447	12
176738	12
177038	12
177347	12
177641	12
177925	12
178055	28
178185	1
178462	1
178741	38
179042	38
179357	38
179667	38
179955	38
180258	38
180522	38
180799	38
180945	28
181091	12
181391	12
181625	14
181696	12
182017	12
182278	12
182565	12
182844	12
183131	12
183430	12
183740	12
183873	28
184006	1
184280	1
184586	38
184873	38
185159	38
185452	38
185650	14
185770	38
186047	38
186340	38
186487	28
186634	12
186920	12
187199	12
187489	12
187787	12
188094	12
188389	12
188677	12
188969	12
189246	12
189529	12
189820	38
190077	1
190388	38
190692	38
190994	38
191283	38
191567	38
191831	38
192132	38
192440	12
192734	12
193025	12
193317	12
193592	12
193879	12
194177	12
194487	12
194784	12
194916	28
195048	1
195345	1
195641	38
195930	38
196202	38
196509	38
196660	28
196811	12
197103	12
197400	12
197685	12
197962	12
198251	12
198549	12
198856	12
199154	12
199415	1
199710	38
200000	38
200294	38
200598	38
200882	38
201180	38
201471	12
201771	12
202052	12
202325	12
202613	12
202918	12
203222	12
203515	12
203814	12
203946	28
204078	1
204339	1
204635	38
204949	38
205260	38
205532	38
205827	38
205974	28
206122	12
206400	12
206684	12
206975	12
207283	12
207584	12
207874	12
208175	12
208460	12
208731	12
208864	28
208997	1
209282	1
209598	38
209899	38
210217	38
210483	38
210760	38
210903	28
211047	12
211338	12
211644	12
211941	12
212235	12
212532	12
212810	12
213088	12
213375	12
213519	28
213664	1
213951	1
214268	38
214587	38
214847	38
215122	38
215264	28
215406	12
215702	12
216009	12
216306	12
216604	12
216896	12
217171	12
217306	28
217442	1
217713	1
218046	38
218357	38
218624	38
218776	28
218928	12
219208	12
219485	12
219769	12
220071	12
220376	12
220669	12
220974	12
221256	38
221539	38
221840	38
222114	38
222420	12
222718	12
223019	12
223315	12
223592	12
223875	12
224162	12
224469	12
224744	1
225040	38
225360	38
225662	38
225911	38
226197	12
226496	12
226798	12
227094	12
227400	12
227689	12
227967	12
228249	12
228537	12
228681	28
228826	1
229117	1
229426	38
229743	38
230004	38
230283	38
230427	28
230572	12
230876	12
231177	12
231472	12
231778	12
232062	12
232333	12
232615	12
232912	12
233054	28
233197	1
233483	1
233804	38
234114	38
234371	38
234513	28
234655	12
234943	12
235243	12
235542	12
235844	12
236140	12
236421	12
236704	12
236987	12
237279	38
237584	38
237896	38
238192	38
238480	12
238752	12
239035	12
239332	12
239630	12
239925	12
240236	12
240530	12
240798	38
241081	38
241391	38
241669	38
241966	12
242272	12
242573	12
242852	12
243136	12
243420	12
243718	12
244017	12
244295	1
244612	38
244924	38
245176	38
245459	12
245756	12
246056	12
246351	12
246664	12
246958	12
247232	12
247513	12
247777	1
248083	38
248408	38
248684	38
248986	12
249268	12
249551	12
249836	12
250135	12
250430	12
250726	12
251037	12
251323	38
251570	1
251875	38
252153	38
252450	38
252747	12
253055	12
253356	12
253636	12
253918	12
254204	12
254501	12
254794	12
255090	38
255407	38
255708	38
255968	38
256253	12
256545	12
256840	12
257136	12
257449	12
257743	12
258018	12
258296	38
258593	38
258883	38
259180	12
259492	12
259790	12
260072	12
260353	12
260634	12
260931	12
261225	38
261484	1
261808	12
262095	12
262375	12
262659	12
262952	12
263243	12
263539	12
263850	38
264137	38
264434	38
264700	38
264992	12
265285	12
265578	12
265889	12
266193	12
266477	12
266759	12
267042	12
267326	38
267619	38
267943	38
268234	38
268521	38
268807	12
269089	12
269383	12
269672	12
269966	12
270283	12
270578	12
270856	12
271107	1
271405	38
271702	38
272007	38
272298	38
272599	38
272887	12
273169	12
273450	12
273742	12
274035	12
274338	12
274646	12
274937	12
275200	1
275490	38
275805	38
276073	38
276368	12
276681	12
276977	12
277258	12
277540	12
277829	12
278117	12
278405	38
278717	38
279044	38
279309	12
279595	12
279878	12
280165	12
280453	12
280756	12
281064	12
281356	38
281645	38
281928	38
282221	12
282508	12
282799	12
283116	12
283416	12
283695	12
283978	12
284268	38
284556	38
284840	38
285157	12
285461	12
285751	12
286035	12
286318	12
286606	12
286891	12
287191	38
287512	38
287792	38
288084	12
288367	12
288655	12
288940	12
289232	12
289547	12
289846	12
290119	1
290407	38
290718	38
290989	38
291275	12
291589	12
291894	12
292180	12
292463	12
292747	12
293033	12
293292	1
293608	38
293937	38
294205	38
294501	12
294783	12
295072	12
295353	12
295643	12
295956	12
296253	12
296521	1
296822	38
297107	38
297393	12
297676	12
297988	12
298295	12
298584	12
298869	12
299157	12
299433	38
299730	38
300024	38
300334	12
300628	12
300922	12
301207	12
301494	12
301774	12
302067	38
302382	38
302670	38
302967	12
303251	12
303543	12
303825	12
304108	12
304420	12
304724	38
305037	38
305301	12
305591	12
305877	12
306158	12
306460	12
306767	12
307063	38
307360	38
307638	38
307928	12
308207	12
308498	12
308806	12
309101	12
309401	12
309682	38
309984	38
310261	38
310544	12
310854	12
311156	12
311448	12
311737	12
312028	12
312298	1
312585	38
312918	38
313198	12
313492	12
313791	12
314078	12
314365	12
314643	12
314934	12
315234	38
315545	38
315833	38
316125	12
316417	12
316695	12
316975	12
317286	12
317587	12
317872	38
318168	38
318484	38
318748	12
319027	12
319326	12
319631	12
319927	12
320221	12
320510	12
320804	38
321098	38
321368	12
321674	12
321969	12
322269	12
322561	12
322851	12
323133	38
323426	38
323714	12
324012	12
324307	12
324603	12
324899	12
325179	12
325469	38
325769	38
326059	38
326354	12
326650	12
326945	12
327232	12
327508	12
327809	38
328115	38
328397	38
328698	12
328991	12
329283	12
329559	12
329844	12
330150	38
330459	38
330740	38
331038	12
331332	12
331612	12
331888	12
332189	12
332485	38
332780	38
333075	38
333358	5
333655	12
333933	12
334228	12
334525	12
334812	38
335114	38
335438	38
335708	12
335986	12
336269	12
336568	12
336862	12
337162	12
337453	38
337757	38
338057	38
338315	38
338614	12
338908	12
339204	12
339502	12
339803	12
340088	12
340364	38
340677	38
340957	12
341253	12
341554	12
341854	12
342145	12
342422	12
342709	12
343001	38
343314	38
343600	38
343900	12
344200	12
344479	12
344755	12
345056	12
345351	38
345646	38
345944	38
346247	12
346530	12
346806	12
347102	12
347395	12
347689	12
347994	38
348286	38
348581	12
348861	12
349146	12
349440	12
349734	12
350035	38
350336	38
350636	38
350916	12
351196	12
351490	12
351779	12
352075	12
352374	38
352676	38
352964	38
353239	12
353536	12
353827	12
354115	12
354416	12
354723	12
354993	1
355284	38
355571	38
355861	12
356153	12
356456	12
356755	12
357057	12
357337	12
357618	38
357900	1
358201	38
358525	38
358801	12
359107	12
359389	12
359666	12
359962	12
360247	12
360538	12
360810	1
361132	38
361421	38
361699	12
361992	12
362281	12
362566	12
362866	12
363169	12
363461	38
363752	38
364062	38
364326	12
364613	12
364913	12
365215	12
365525	12
365813	12
366089	38
366382	38
366666	38
366953	12
367257	12
367564	12
367857	12
368137	12
368431	12
368720	38
368999	38
369300	12
369606	12
369907	12
370191	12
370477	12
370765	12
371053	38
371347	38
371652	12
371958	12
372245	12
372526	12
372819	12
373104	12
373395	38
373719	38
374005	12
374298	12
374576	12
374873	12
375158	12
375439	12
375724	1
376043	38
376340	38
376627	12
376918	12
377204	12
377488	12
377785	12
378086	12
378378	1
378673	38
378981	38
379253	12
379531	12
379822	12
380123	12
380434	12
380730	12
381011	12
381286	1
381593	38
381859	38
382156	12
382466	12
382766	12
383049	12
383343	12
383628	12
383891	1
384194	38
384524	38
384805	12
385097	12
385386	12
385673	12
385954	12
386247	12
386546	38
386861	38
387147	38
387432	12
387726	12
388007	12
388286	12
388584	12
388895	12
389199	38
389480	38
389779	12
390063	12
390339	12
390627	12
390933	12
391238	38
391532	38
391820	38
392107	12
392385	12
392676	12
392974	12
393282	12
393582	38
393889	38
394160	12
394439	12
394723	12
395017	12
395331	12
395629	12
395911	38
396222	38
396494	38
396769	12
397061	12
397367	12
397670	12
397964	12
398262	12
398549	38
398840	38
399108	12
399407	12
399714	12
400009	12
400306	12
400596	12
400874	12
401149	1
401460	38
401764	38
402064	12
402353	12
402651	12
402934	12
403208	12
403496	12
403806	12
404091	1
404397	38
404699	38
404985	12
405259	12
405545	12
405843	12
406147	12
406442	12
406741	12
407030	38
407327	38
407592	12
407884	12
408194	12
408491	12
408788	12
409085	12
409360	38
409637	38
409928	38
410238	12
410540	12
410832	12
411136	12
411421	12
411692	12
411985	38
412302	38
412581	12
412874	12
413181	12
413469	12
413744	12
414028	12
414329	38
414620	38
414920	12
415220	12
415514	12
415793	12
416077	12
416369	38
416670	38
416968	38
417265	12
417570	12
417852	12
418127	12
418412	12
418707	38
419006	38
419304	38
419617	12
419906	12
420179	12
420459	12
420755	12
421055	12
421334	1
421658	38
421970	38
422226	38
422511	12
422794	12
423095	12
423396	12
423695	12
423997	12
424261	1
424558	38
424835	38
425139	12
425437	12
425732	12
426044	12
426329	12
426602	12
426872	1
427179	38
427473	38
427772	12
428080	38
428377	12
428655	12
428937	12
429224	12
429522	38
429821	38
430122	38
430426	12
430706	12
430990	12
431274	12
431571	12
431868	12
432180	38
432474	38
432767	12
433041	12
433323	12
433618	12
433912	12
434213	38
434537	38
434818	12
435095	12
435375	12
435661	12
435956	12
436252	12
436569	38
436862	38
437149	12
437431	12
437713	12
438008	12
438301	12
438603	12
438921	38
439196	38
439479	12
439760	12
440055	12
440349	12
440644	12
440958	38
441254	38
441528	38
441809	12
442101	12
442390	12
442683	12
442997	12
443297	12
443562	1
443871	38
444138	38
444431	12
444724	12
445030	12
445336	12
445626	12
445911	12
446179	1
446484	38
446767	38
447066	12
447379	12
447673	12
447956	12
448238	12
448528	12
448816	12
449105	38
449441	38
449723	38
450006	12
450287	12
450575	12
450859	12
451147	12
451461	12
451753	1
452059	38
452339	38
452622	12
452911	12
453200	12
453500	12
453809	12
454103	12
454393	38
454693	38
454966	12
455249	12
455542	12
455858	12
456154	12
456440	12
456724	38
457022	38
457298	12
457584	12
457898	12
458199	12
458487	12
458772	12
459062	38
459358	38
459629	12
459936	12
460243	12
460539	12
460833	12
461115	12
461409	38
461684	38
461978	12
462293	12
462590	12
462879	12
463164	12
463456	12
463738	38
464021	38
464340	12
464642	12
464931	12
465217	12
465503	12
465788	12
466051	1
466384	38
466675	38
466971	12
467263	12
467547	12
467833	12
468116	12
468412	12
468698	1
469008	38
469300	38
469587	12
469878	12
470159	12
470443	12
470755	12
471054	12
471342	12
471610	1
471927	38
472194	38
472475	12
472784	12
473085	12
473378	12
473670	12
473959	12
474231	1
474514	38
474816	38
475123	12
475421	12
475720	12
476008	12
476297	12
476575	12
476860	38
477179	38
477466	12
477764	12
478055	12
478347	12
478627	12
478905	12
479214	38
479512	38
479804	38
480102	12
480396	12
480676	12
480954	12
481257	12
481557	12
481862	38
482146	38
482439	12
482727	12
483006	12
483296	12
483599	12
483905	38
484208	38
484492	38
484785	12
485063	12
485346	12
485646	12
485941	12
486244	38
486534	38
486831	12
487113	12
487389	12
487691	12
487989	12
488282	12
488573	38
488896	38
489165	12
489443	12
489738	12
490035	12
490332	12
490633	12
490904	1
491211	38
491484	38
491769	12
492071	12
492364	12
492665	12
492965	12
493263	12
493541	12
493798	1
494114	38
494405	38
494700	12
494999	12
495298	12
495585	12
495860	12
496157	12
496453	12
496725	1
497047	38
497336	38
497629	12
497909	12
498194	12
498486	12
498780	12
499083	12
499375	38
499681	38
499984	38
500241	12
500537	12
500828	12
501123	12
501426	12
501730	12
502012	12
502292	38
502606	38
502872	12
503163	12
503464	12
503771	12
504063	12
504340	12
504634	38
504939	38
505213	12
505513	12
505816	12
506113	12
506392	12
506678	12
506967	38
507257	38
507558	38
507859	12
508166	12
508446	12
508725	12
509021	12
509305	12
509599	38
509922	38
510208	12
510495	12
510773	12
511069	12
511353	12
511640	12
511938	38
512247	38
512544	38
512826	12
513116	12
513406	12
513690	12
513988	12
514292	12
514573	1
514880	38
515155	12
515443	12
515725	12
516023	12
516325	12
516633	12
516923	12
517198	38
517471	1
517778	38
518048	38
518349	12
518661	12
518957	12
519239	12
519533	12
519818	12
520093	38
520391	38
520723	38
521007	38
521294	12
521582	12
521871	12
522151	12
522446	12
522750	12
523060	38
523370	38
523631	12
523924	12
524205	12
524493	12
524792	12
525103	12
525396	38
525690	38
525974	38
526258	12
526536	12
526831	12
527141	12
527442	12
527732	38
528017	38
528334	38
528590	12
528880	12
529183	12
529492	12
529783	12
530070	12
530357	38
530653	38
530926	12
531227	12
531534	12
531828	12
532119	12
532409	12
532681	38
532969	38
533264	38
533578	12
533876	12
534162	12
534458	12
534741	12
535017	12
535288	1
535624	38
535912	38
536204	12
536503	12
536788	12
537065	12
537350	12
537649	12
537927	1
538240	38
538521	38
538815	12
539093	12
539378	12
539673	12
539981	12
540278	12
540416	28
540554	1
540851	1
541153	38
541417	38
541560	28
541704	12
542011	12
542315	12
542607	12
542911	12
543195	12
543458	1
543763	38
544053	38
544360	12
544656	12
544957	12
545246	12
545521	12
545806	12
546095	38
546422	38
546700	12
546998	12
547294	12
547571	12
547854	12
548145	12
548463	38
548769	38
549044	12
549348	12
549631	12
549906	12
550188	12
550491	12
550808	38
551087	38
551397	12
551688	12
551961	12
552243	12
552538	12
552842	38
553157	38
553442	12
553736	12
554014	12
554298	12
554583	12
554887	12
555183	38
555504	38
555787	12
556067	12
556347	12
556631	12
556932	12
557231	12
557513	1
557840	38
558122	12
558397	12
558675	12
558971	12
559275	12
559570	12
559879	12
560153	1
560449	38
560720	38
561008	12
561304	12
561602	12
561907	12
562205	12
562486	12
562771	12
563029	1
563341	38
563632	38
563930	12
564239	12
564527	12
564806	12
565088	12
565384	12
565678	12
565951	1
566289	38
566573	38
566848	12
567127	12
567419	12
567713	12
568006	12
568318	12
568620	38
568905	38
569181	38
569466	12
569756	12
570049	12
570355	12
570658	12
570946	12
571226	38
571517	38
571806	38
572100	12
572397	12
572710	12
573002	12
573282	12
573564	12
573856	38
574171	38
574441	12
574757	12
575054	12
575334	12
575616	12
575903	12
576191	38
576499	38
576793	38
577099	12
577385	12
577670	12
577954	12
578242	12
578521	38
578827	38
579142	38
579437	12
579727	12
580009	12
580302	12
580588	12
580879	12
581181	1
581490	38
581793	38
582056	38
582350	12
582634	12
582923	12
583241	12
583543	12
583830	12
584087	1
584381	38
584666	38
584953	12
585259	12
585566	12
585859	12
586149	12
586433	12
586721	12
586986	1
587287	38
587624	38
587899	38
588192	12
588476	12
588768	12
589051	12
589336	12
589651	12
589793	28
589936	1
590218	1
590538	38
590805	38
590947	28
591089	12
591371	12
591684	12
591986	12
592276	12
592566	12
592849	38
593153	38
593416	38
593718	12
594026	12
594323	12
594619	12
594903	12
595192	12
595474	38
595784	38
596071	12
596368	12
596666	12
596953	12
597244	12
597523	12
597801	38
598121	38
598415	38
598707	12
599000	12
599294	12
599574	12
599853	12
600160	12
600460	38
600779	38
601047	12
601337	12
601623	12
601903	12
602198	12
602503	12
602797	38
603096	38
603411	38
603681	38
603959	12
604246	12
604549	12
604844	12
605145	12
605439	12
605714	1
606008	38
606283	38
606588	12
606886	12
607182	12
607480	12
607778	12
608059	12
608336	12
608632	38
608936	38
609254	38
609527	12
609824	12
610112	12
610389	12
610679	12
610981	12
611278	12
611580	12
611869	38
612169	38
612467	38
612729	12
613028	12
613321	12
613622	12
613922	12
614219	12
614499	12
614768	38
615074	38
615370	38
615666	12
615965	12
616267	12
616552	12
616828	12
617125	12
617418	12
617713	38
618028	38
618311	12
618604	12
618882	12
619170	12
619465	12
619758	12
620057	38
620348	38
620673	38
620933	12
621216	12
621507	12
621794	12
622100	12
622402	12
622700	38
622979	38
623262	38
623558	12
623847	12
624142	12
624444	12
624753	12
625040	12
625303	1
625600	38
625923	38
626186	12
626486	12
626794	12
627088	12
627365	12
627657	12
627947	12
628226	38
628533	38
628862	38
629134	12
629414	12
629701	12
629989	12
630273	12
630576	12
630877	12
631173	38
631459	1
631758	38
632039	38
632323	12
632614	12
632916	12
633227	12
633520	12
633799	12
634095	12
634366	1
634649	38
634973	38
635265	38
635566	12
635850	12
636141	12
636426	12
636707	12
637003	12
637303	38
637612	38
637925	38
638188	12
638476	12
638757	12
639054	12
639357	12
639665	12
639957	12
640243	38
640555	38
640813	12
641097	12
641396	12
641710	12
642005	12
642290	12
642586	38
642866	38
643147	38
643443	12
643751	12
644052	12
644340	12
644634	12
644919	12
645197	38
645495	38
645788	38
646097	12
646391	12
646682	12
646970	12
647247	12
647539	12
647836	38
648169	38
648442	12
648730	12
649022	12
649300	12
649580	12
649876	12
