108013	12
108307	12
108614	12
108930	12
109251	12
109563	12
109862	12
110159	12
110461	12
110766	12
111075	12
111392	12
111703	12
112008	12
112305	12
112600	12
112902	12
113228	12
113546	12
113853	12
114156	12
114449	12
114750	12
115054	12
115365	12
115679	12
116002	12
116304	12
116596	12
116893	12
117194	12
117512	12
117830	12
118142	12
118444	12
118748	12
119043	12
119340	12
119651	12
119966	12
120282	12
120591	12
120889	12
121182	12
121490	12
121804	12
122116	12
122429	12
122733	12
123031	12
123332	12
123631	12
123937	12
124261	12
124576	12
124879	12
125175	12
125470	12
125774	12
126090	12
126405	12
126713	12
127024	12
127322	12
127616	12
127912	12
128222	12
128543	12
128863	12
129169	12
129463	12
129763	12
130065	12
130374	12
130688	12
131002	12
131310	12
131613	12
131907	12
132200	12
132512	12
132836	12
133153	12
133456	12
133756	12
134052	12
134356	12
134660	12
134971	12
135291	12
135605	12
135903	12
136194	12
136493	12
136800	12
137123	12
137438	12
137744	12
138041	12
138345	12
138644	12
138945	12
139260	12
139573	12
139884	12
140185	12
140482	12
140778	12
141095	12
141412	12
141722	12
142031	12
142329	12
142627	12
142931	12
143236	12
143545	12
143868	12
144179	12
144478	12
144770	12
145070	12
145379	12
145699	12
146013	12
146318	12
146622	12
146920	12
147217	12
147517	12
147834	12
148152	12
148467	12
148767	12
149061	12
149361	12
149672	12
149988	12
150299	12
150612	12
150911	12
151210	12
151507	12
151808	12
152123	12
152450	12
152764	12
153061	12
153358	12
153653	12
153962	12
154274	12
154588	12
154899	12
155210	12
155505	12
155797	12
156100	12
156412	12
156734	12
157048	12
157350	12
157645	12
157949	12
158251	12
158559	12
158874	12
159186	12
159492	12
159790	12
160087	12
160386	12
160709	12
161026	12
161335	12
161639	12
161932	12
162232	12
162539	12
162848	12
163160	12
163482	12
163786	12
164078	12
164373	12
164674	12
164990	12
165311	12
165623	12
165923	12
166227	12
166522	12
166818	12
167128	12
167445	12
167761	12
168071	12
168368	12
168661	12
168968	12
169281	12
169595	12
169907	12
170212	12
170512	12
170813	12
171110	12
171414	12
171737	12
172055	12
172361	12
172656	12
172953	12
173254	12
173570	12
173882	12
174192	12
174505	12
174805	12
175100	12
175394	12
175704	12
176023	12
176342	12
176648	12
176943	12
177241	12
177546	12
177854	12
178166	12
178483	12
178788	12
179090	12
179385	12
179683	12
179990	12
180316	12
180633	12
180937	12
181236	12
181529	12
181833	12
182095	5
182428	12
182742	12
183058	12
183357	12
183648	12
183944	12
184250	12
184570	12
184890	12
185201	12
185497	12
185798	12
186096	12
186399	12
186710	12
187028	12
187341	12
187647	12
187941	12
188234	12
188545	12
188865	12
189181	12
189489	12
189791	12
190086	12
190388	12
190690	12
190999	12
191318	12
191636	12
191938	12
192230	12
192530	12
192835	12
193154	12
193467	12
193776	12
194081	12
194383	12
194680	12
194978	12
195292	12
195607	12
195922	12
196224	12
196520	12
196818	12
197130	12
197443	12
197754	12
198068	12
198368	12
198666	12
198963	12
199264	12
199575	12
199902	12
200215	12
200517	12
200813	12
201107	12
201414	12
201726	12
202040	12
202353	12
202664	12
202961	12
203251	12
203550	12
203862	12
204184	12
204498	12
204804	12
205099	12
205403	12
205703	12
206009	12
206324	12
206636	12
206945	12
207243	12
207538	12
207835	12
208157	12
208476	12
208785	12
209092	12
209386	12
209686	12
209988	12
210296	12
210609	12
210933	12
211239	12
211534	12
211829	12
212127	12
212442	12
212764	12
213076	12
213299	5
213627	12
213925	12
214222	12
214524	12
214840	12
215158	12
215471	12
215768	12
216061	12
216364	12
216676	12
216990	12
217302	12
217614	12
217912	12
218210	12
218507	12
218809	12
219126	12
219450	12
219761	12
220058	12
220354	12
220650	12
220961	12
221277	12
221511	5
221842	12
222151	12
222445	12
222738	12
223037	12
223350	12
223671	12
223989	12
224293	12
224585	12
224887	12
225191	12
225501	12
225815	12
226128	12
226434	12
226734	12
227027	12
227325	12
227643	12
227965	12
228280	12
228580	12
228879	12
229176	12
229482	12
229792	12
230104	12
230419	12
230730	12
231028	12
231320	12
231621	12
231935	12
232258	12
232570	12
232872	12
233172	12
233474	12
233775	12
234080	12
234397	12
234709	12
235018	12
235314	12
235608	12
235909	12
236230	12
236548	12
236858	12
237164	12
237459	12
237757	12
238057	12
238365	12
238681	12
239005	12
239311	12
239606	12
239902	12
240200	12
240515	12
240834	12
241146	12
241451	12
241756	12
242052	12
242345	12
242652	12
242967	12
243287	12
243596	12
243895	12
244189	12
244496	12
244805	12
245115	12
245429	12
245736	12
246038	12
246336	12
246633	12
246937	12
247262	12
247579	12
247885	12
248184	12
248478	12
248781	12
249090	12
249405	12
249716	12
250033	12
250332	12
250625	12
250920	12
251225	12
251546	12
251868	12
252176	12
252472	12
252774	12
253074	12
253377	12
253689	12
254004	12
254317	12
254620	12
254914	12
255207	12
255518	12
255838	12
256153	12
256462	12
256764	12
257059	12
257361	12
257665	12
257974	12
258293	12
258609	12
258910	12
259203	12
259502	12
259806	12
260127	12
260443	12
260753	12
261054	12
261356	12
261654	12
261950	12
262263	12
262578	12
262895	12
263197	12
263493	12
263788	12
264101	12
264415	12
264726	12
265040	12
265341	12
265639	12
265939	12
266242	12
266551	12
266873	12
267189	12
267490	12
267786	12
268082	12
268389	12
268709	12
269023	12
269331	12
269638	12
269937	12
270232	12
270530	12
270843	12
271163	12
271483	12
271785	12
272009	5
272285	12
272592	12
272902	12
273213	12
273528	12
273834	12
274135	12
274430	12
274726	12
275035	12
275362	12
275678	12
275983	12
276282	12
276576	12
276878	12
277186	12
277500	12
277815	12
278131	12
278429	12
278721	12
279019	12
279323	12
279646	12
279963	12
280272	12
280570	12
280873	12
281172	12
281472	12
281785	12
282100	12
282413	12
282674	5
282945	12
283238	12
283551	12
283867	12
284179	12
284491	12
284792	12
285090	12
285391	12
285693	12
286000	12
286322	12
286637	12
286938	12
287232	12
287529	12
287836	12
288137	5
288426	12
288733	12
289042	12
289342	12
289639	12
289934	12
290247	12
290563	12
290883	12
291186	12
291481	12
291781	12
292087	12
292400	12
292712	12
293026	12
293330	12
293630	12
293924	12
294220	12
294531	12
294857	12
295172	12
295475	12
295772	12
296067	12
296306	5
296594	12
296908	12
297218	12
297534	12
297834	12
298128	12
298424	12
298729	12
299048	12
299373	12
299682	12
299978	12
300278	12
300579	12
300884	12
301193	12
301510	12
301823	12
302125	12
302419	12
302714	12
303021	12
303344	12
303661	12
303969	12
304272	12
304505	5
304781	12
305086	12
305396	12
305710	12
306031	12
306335	12
306629	12
306925	12
307225	12
307544	12
307866	12
308179	12
308479	12
308781	12
309079	12
309377	12
309685	12
310001	12
310319	12
310631	12
310925	12
311217	12
311526	12
311842	12
312156	12
312467	12
312772	12
313071	12
313371	12
313668	12
313972	12
314296	12
314613	12
314918	12
315215	12
315512	12
315814	12
316130	12
316444	12
316753	12
317065	12
317296	5
317569	12
317864	12
318168	12
318482	12
318804	12
319116	12
319416	12
319712	12
320018	12
320324	12
320633	12
320947	12
321257	12
321560	12
321855	12
322151	12
322455	12
322778	12
323096	12
323402	12
323705	12
323998	12
324300	12
324605	12
324918	12
325230	12
325551	12
325851	12
326143	12
326380	5
326656	12
326974	12
327297	12
327610	12
327911	12
328213	12
328511	12
328810	12
329116	12
329432	12
329749	12
330060	12
330354	12
330646	12
330953	12
331269	12
331552	5
331838	12
332147	12
332443	12
332742	12
333039	12
333342	12
333660	12
333983	12
334291	12
334586	12
334883	12
335114	5
335399	12
335720	12
336036	12
336344	12
336651	12
336946	12
337241	12
337542	12
337855	12
338175	12
338495	12
338796	12
339087	12
339389	12
339697	12
340010	12
340321	12
340636	12
340939	12
341237	12
341532	12
341830	12
342146	12
342468	12
342781	12
343082	12
343382	12
343677	12
343985	12
344296	12
344608	12
344922	12
345233	12
345530	12
345821	12
346123	12
346433	12
346757	12
347071	12
347376	12
347671	12
347977	12
348279	12
348585	12
348901	12
349212	12
349522	12
349819	12
350073	5
350346	12
350665	12
350986	12
351296	12
351603	12
351902	12
352199	12
352503	12
352808	12
353119	12
353442	12
353750	12
354045	12
354340	12
354638	12
354950	12
355274	12
355590	12
355894	12
356197	12
356444	5
356718	12
357020	12
357334	12
357650	12
357968	12
358265	12
358558	12
358859	12
359169	12
359487	12
359796	12
360109	12
360410	12
360708	12
361003	12
361303	12
361619	12
361942	12
362255	12
362479	5
362753	12
363049	12
363275	5
363610	12
363925	12
364235	12
364549	12
364847	12
365139	12
365438	12
365744	12
366064	12
366386	12
366693	12
366988	12
367290	12
367592	12
367837	5
368122	12
368439	12
368750	12
369055	12
369347	12
369640	12
369947	12
370270	12
370588	12
370896	12
371200	12
371495	12
371795	12
372097	12
372406	12
372723	12
373044	12
373345	12
373636	12
373933	12
374234	12
374553	12
374872	12
375185	12
375487	12
375791	12
376086	12
376384	12
376694	12
377009	12
377327	12
377635	12
377875	5
378144	12
378449	12
378764	12
379082	12
379392	12
379700	12
379998	12
380297	12
380595	12
380898	12
381219	12
381539	12
381845	12
382139	12
382439	12
382738	12
383053	12
383369	12
383622	5
383907	12
384214	12
384509	12
384802	12
385106	12
385419	12
385741	12
386056	12
386355	12
386649	12
386954	12
387263	12
387573	12
387888	12
388198	12
388502	12
388801	12
389096	12
389396	12
389720	12
389976	5
390267	12
390568	12
390867	12
391165	12
391470	12
391780	12
392090	12
392408	12
392717	12
393013	12
393305	12
393607	12
393919	12
394241	12
394554	12
394857	12
395158	12
395459	12
395760	12
396067	12
396382	12
396696	12
397007	12
397302	12
397594	12
397897	12
398214	12
398535	12
398786	5
399070	12
399368	12
399666	12
399965	12
400270	12
400583	12
400909	12
401217	12
401510	12
401806	12
402103	12
402414	12
402733	12
403048	12
403357	12
403664	12
403960	12
404253	12
404558	12
404870	12
405141	5
405433	12
405734	12
406024	12
406329	12
406634	12
406948	12
407260	12
407572	12
407878	12
408178	12
408472	12
408769	12
408995	5
409296	12
409612	12
409913	12
410213	12
410508	12
410811	12
411121	12
411433	12
411749	12
412002	5
412276	12
412566	12
412863	12
413166	12
413483	12
413806	12
414118	12
414415	12
414718	12
415017	12
415321	12
415632	12
415948	12
416190	5
416475	12
416771	12
417064	12
417364	12
417685	12
418003	12
418311	12
418617	12
418913	12
419154	5
419433	12
419740	12
420050	12
420372	12
420681	12
420977	12
421272	12
421571	12
421881	12
422147	5
422437	12
422746	12
423051	12
423351	12
423649	12
423949	12
424264	12
424578	12
424896	12
425197	12
425490	12
425721	5
426008	12
426324	12
426636	12
426950	12
427255	12
427555	12
427853	12
428151	12
428458	12
428784	12
429099	12
429400	12
429696	12
429993	12
430296	12
430612	12
430927	12
431238	12
431494	5
431788	12
432083	12
432377	12
432684	12
433003	12
433324	12
433631	12
433926	12
434230	12
434450	5
434784	12
435096	12
435412	12
435724	12
436028	12
436321	12
436614	12
436922	12
437242	12
437559	12
437866	12
438168	12
438466	12
438767	12
439070	12
439379	12
439697	12
440015	12
440316	12
440608	12
440906	12
441210	12
441526	12
441843	12
442154	12
442459	12
442761	12
443059	12
443358	12
443672	12
443987	12
444305	12
444606	12
444897	12
445195	12
445504	12
445821	12
446134	12
446448	12
446751	12
447030	14
447051	12
447346	12
447643	12
447756	14
447958	12
448281	12
448596	12
448894	12
449190	12
449485	12
449790	12
450104	12
450420	12
450734	12
451048	12
451343	12
451633	12
451934	12
452243	12
452563	12
452880	12
453184	12
453479	12
453784	12
454086	12
454394	12
454710	12
454979	5
455284	12
455588	12
455881	12
456176	12
456489	12
456809	12
457122	12
457425	12
457726	12
458026	12
458330	12
458636	12
458948	12
459268	12
459578	12
459875	12
460167	12
460468	12
460774	12
461096	12
461411	12
461716	12
462019	12
462321	12
462621	12
462925	12
463242	12
463556	12
463869	12
464166	12
464458	12
464758	12
465073	12
465391	12
465703	12
466014	12
466313	12
466614	12
466911	12
467214	12
467530	12
467855	12
468165	12
468458	12
468755	12
469052	12
469360	12
469677	12
469992	12
470304	12
470613	12
470907	12
471200	12
471504	12
471816	12
472137	12
472449	12
472749	12
473043	12
473350	12
473656	12
473968	12
474284	12
474595	12
474902	12
475196	12
475491	12
475795	12
476116	12
476433	12
476739	12
477039	12
477334	12
477637	12
477942	12
478256	12
478572	12
478892	12
479192	12
479481	12
479779	12
480080	12
480398	12
480715	12
481025	12
481328	12
481633	12
481931	12
482230	12
482545	12
482858	12
483175	12
483480	12
483773	12
484066	12
484378	12
484692	12
485003	12
485316	12
485620	12
485921	12
486219	12
486519	12
486830	12
487155	12
487468	12
487767	12
488062	12
488356	12
488660	12
488975	12
489291	12
489602	12
489915	12
490212	12
490504	12
490804	12
491114	12
491433	12
491752	12
492057	12
492348	12
492650	12
492952	12
493263	12
493578	12
493892	12
494202	12
494507	12
494800	12
495095	12
495409	12
495730	12
496043	12
496344	12
496642	12
496940	12
497244	12
497553	12
497789	5
498081	12
498401	12
498698	12
498988	12
499287	12
499591	12
499909	12
500228	12
500537	12
500835	12
501139	12
501439	12
501741	12
502057	12
502371	12
502687	12
502991	12
503237	5
503505	12
503813	12
504130	12
504446	12
504755	12
505060	12
505359	12
505662	12
505962	12
506239	5
506553	12
506872	12
507176	12
507468	12
507764	12
508065	12
508381	12
508695	12
509005	12
509219	5
509524	12
509820	12
510115	12
510422	12
510735	12
511008	5
511298	12
511597	12
511843	5
512120	12
512424	12
512735	12
512974	5
513264	12
513572	12
513877	12
514098	5
514372	12
514634	5
514928	12
515244	12
515554	12
515855	12
516149	12
516448	12
516755	12
517067	12
517380	12
517701	12
518007	12
518301	12
518595	12
518895	12
519210	12
519531	12
519842	12
520143	12
520445	12
520743	12
521041	12
521353	12
521671	12
521988	12
522299	12
522595	12
522882	12
523188	12
523502	12
523817	12
524126	12
524432	12
524731	12
525035	12
525332	12
525639	12
525964	12
526281	12
526585	12
526879	12
527174	12
527475	12
527789	12
528103	12
528413	12
528724	12
529027	12
529324	12
529620	12
529932	12
530249	12
530568	12
530874	12
531167	12
531464	12
531767	12
532077	12
532391	12
532707	12
533014	12
533318	12
533615	12
533911	12
534221	12
534545	12
534860	12
535162	12
535458	12
535751	12
536055	12
536362	12
536679	12
536995	12
537313	12
537611	12
537903	12
538203	12
538508	12
538828	12
539145	12
539453	12
539748	12
540052	12
540351	12
540653	12
540882	5
541179	12
541494	12
541804	12
542098	12
542388	12
542695	12
542975	5
543286	12
543594	12
543901	12
544196	12
544497	12
544796	12
545106	12
545428	12
545749	12
546057	12
546349	12
546644	12
546944	12
547258	12
547572	12
547884	12
548191	12
548495	12
548792	12
549089	12
549402	12
549720	12
550038	12
550342	12
550636	12
550932	12
551238	12
551549	12
551861	12
552175	12
552480	12
552785	12
553082	12
553378	12
553690	12
554014	12
554239	5
554520	12
554818	12
555111	12
555412	12
555718	12
556032	12
556346	12
556667	12
556969	12
557259	12
557556	12
557861	12
558181	12
558459	5
558746	12
559045	12
559346	12
559643	12
559942	12
560253	12
560520	5
560833	12
561145	12
561442	12
561733	12
562036	12
562351	12
562667	12
562976	12
563283	12
563581	12
563883	12
564180	12
564484	12
564808	12
565129	12
565436	12
565731	12
566027	12
566325	12
566638	12
566951	12
567185	5
567473	12
567781	12
568077	12
568371	12
568676	12
568917	5
569213	12
569533	12
569837	12
570129	12
570428	12
570650	5
570937	12
571249	12
571564	12
571871	12
572174	12
572410	5
572687	12
572989	12
573313	12
573630	12
573937	12
574236	12
574528	12
574828	12
575137	12
575451	12
575762	12
576081	12
576382	12
576677	12
576974	12
577279	12
577597	12
577918	12
578228	12
578525	12
578824	12
579124	12
579427	12
579737	12
580056	12
580372	12
580681	12
580976	12
581268	12
581576	12
581895	12
582210	12
582517	12
582823	12
583119	12
583420	12
583720	12
584028	12
584351	12
584671	12
584975	12
585267	12
585564	12
585867	12
586185	12
586497	12
586805	12
587113	12
587413	12
587710	12
588008	12
588322	12
588641	12
588960	12
589263	12
589557	12
589855	12
590161	12
590473	12
590785	12
591098	12
591404	12
591706	12
592001	12
592298	12
592614	12
592937	12
593250	12
593551	12
593850	12
594145	12
594449	12
594757	12
595068	12
595386	12
595696	12
595993	12
596285	12
596587	12
596899	12
597223	12
597535	12
597838	12
598137	12
598436	12
598735	12
599040	12
599358	12
599673	12
599986	12
600283	12
600576	12
600878	12
601195	12
601514	12
601822	12
602130	12
602426	12
602726	12
603022	12
603325	12
603646	12
603968	12
604276	12
604571	12
604869	12
605168	12
605480	12
605794	12
606106	12
606415	12
606720	12
607015	12
607309	12
607616	12
607931	12
608253	12
608563	12
608862	12
609158	12
609464	12
609771	12
610082	12
610396	12
610703	12
611006	12
611304	12
611601	12
611904	12
612231	12
612548	12
612853	12
613152	12
613447	12
613748	12
614055	12
614369	12
614681	12
615000	12
615299	12
615590	12
615890	12
616195	12
616515	12
616837	12
617147	12
617444	12
617745	12
618043	12
618346	12
618657	12
618886	5
619177	12
619487	12
619781	12
620074	12
620378	12
620698	12
621018	12
621326	12
621633	12
621929	12
622228	12
622526	12
622833	12
623062	5
623367	12
623675	12
623968	12
624266	12
624563	12
624874	12
625192	12
625425	5
625710	12
626018	12
626314	12
626609	12
626909	12
627223	12
627542	12
627772	5
628055	12
628353	12
628651	12
628957	12
629267	12
629580	12
629893	12
630199	12
630501	12
630796	12
631091	12
631400	12
631726	12
632043	12
632346	12
632599	5
632871	12
633173	12
633480	12
633792	12
634105	12
634426	12
634724	12
635015	12
635313	12
635616	12
635936	12
636185	5
636476	12
636775	12
637078	12
637375	12
637673	12
637984	12
638298	12
638615	12
638925	12
639220	12
639511	12
639818	12
640133	12
640449	12
640759	12
641064	12
641365	12
641665	12
641962	12
642266	12
642591	12
642906	12
643210	12
643505	12
643802	12
644104	12
644421	12
644737	12
645045	12
645358	12
645656	12
645949	12
646161	5
646445	12
646757	12
647078	12
647390	12
647624	5
647895	12
648200	12
648503	12
648815	12
649129	12
649441	12
649748	12
