108088	12
108373	12
108663	12
108964	12
109268	12
109571	12
109881	12
110174	12
110457	12
110748	12
111042	12
111355	12
111662	12
111962	12
112265	12
112555	12
112838	12
113130	12
113430	12
113745	12
114050	12
114341	38
114639	38
114931	38
115235	38
115535	38
115841	38
116139	12
116437	12
116721	12
117018	12
117309	12
117600	12
117906	12
118214	12
118521	12
118811	12
119095	12
119416	12
119691	12
119992	12
120298	12
120603	12
120904	12
121189	12
121471	12
121773	12
122075	12
122380	12
122684	12
122983	12
123281	12
123586	12
123853	12
124163	12
124469	12
124767	12
125066	12
125357	12
125648	12
125935	12
126229	12
126546	12
126853	12
127150	12
127444	12
127735	12
128025	12
128317	12
128621	12
128935	12
129239	12
129528	12
129814	12
130106	12
130401	12
130701	12
131011	12
131325	12
131623	12
131907	12
132192	12
132487	12
132787	12
133089	12
133399	12
133706	12
133992	12
134276	12
134566	12
134868	12
135176	12
135479	12
135787	12
136084	12
136366	12
136653	12
136945	12
137254	12
137563	12
137886	12
138164	12
138456	12
138742	12
139033	12
139336	12
139653	12
139958	12
140251	12
140546	12
140857	12
141120	12
141417	12
141724	12
142036	12
142336	12
142623	12
142920	12
143211	12
143505	12
143812	12
144119	12
144428	12
144718	12
145001	12
145297	12
145592	12
145891	12
146201	12
146506	12
146831	12
147098	12
147380	12
147683	12
147987	12
148288	12
148594	12
148892	12
149186	12
149470	12
149755	12
150066	12
150375	12
150677	12
150978	12
151271	12
151564	12
151849	12
152142	12
152458	12
152765	12
153062	12
153353	12
153640	12
153934	12
154226	12
154528	12
154848	12
155153	12
155444	12
155730	12
156020	12
156317	12
156615	12
156921	12
157257	12
157532	12
157813	12
158099	12
158394	12
158696	12
159002	12
159310	12
159618	12
159905	12
160188	12
160476	12
160779	12
161084	12
161387	12
161694	12
161990	12
162276	12
162563	12
162857	12
163170	12
163478	12
163777	12
164078	12
164370	12
164653	12
164942	12
165242	12
165556	12
165861	12
166153	12
166453	12
166745	12
167031	12
167331	12
167638	12
167949	12
168247	12
168532	12
168827	12
169118	12
169408	12
169715	12
170021	12
170332	12
170625	12
170908	12
171207	12
171503	12
171802	12
172109	12
172413	12
172716	12
173001	12
173283	12
173585	12
173887	12
174188	12
174495	12
174795	12
175090	12
175377	12
175662	12
175971	12
176277	12
176577	12
176878	12
177170	12
177461	12
177748	12
178041	12
178358	12
178667	12
178966	12
179260	12
179550	12
179842	12
180133	12
180434	12
180751	12
181056	12
181343	12
181631	12
181923	12
182217	12
182516	12
182828	12
183143	12
183440	12
183724	12
184010	12
184304	12
184603	12
184905	12
185215	12
185542	12
185810	12
186095	12
186384	12
186687	12
186995	12
187299	12
187606	12
187904	12
188206	12
188472	12
188763	12
189073	12
189382	12
189681	12
189984	12
190277	12
190561	12
190852	12
191155	12
191468	12
191773	12
192065	12
192362	12
192650	12
192934	12
193232	12
193539	12
193853	12
194152	12
194440	12
194737	12
195028	12
195320	12
195626	12
195933	12
196243	12
196534	12
196813	12
197111	12
197407	12
197704	12
198012	12
198318	12
198622	12
198908	12
199191	12
199494	12
199795	12
200096	12
200400	12
200700	12
200992	12
201277	12
201565	12
201873	12
202180	12
202482	12
202783	12
203079	12
203369	12
203656	12
203952	12
204265	12
204570	12
204868	12
205159	12
205452	12
205744	12
206035	12
206342	12
206658	12
206981	12
207253	12
207541	12
207743	5
208044	12
208339	12
208667	12
208960	12
209260	12
209546	12
209834	12
210127	12
210427	12
210730	12
211039	12
211349	12
211643	12
211925	12
212211	12
212509	12
212812	12
213117	12
213424	12
213729	12
214017	12
214301	12
214591	12
214899	12
215208	12
215509	12
215814	12
216108	12
216391	12
216678	12
216974	12
217286	12
217594	12
217892	12
218191	12
218483	12
218767	12
219063	12
219368	12
219680	12
219985	12
220274	12
220566	12
220856	12
221145	12
221448	12
221756	12
222070	12
222367	12
222651	12
222948	12
223240	12
223535	12
223842	12
224148	12
224451	12
224739	12
225020	12
225321	12
225619	12
225922	12
226231	12
226534	12
226831	12
227115	12
227399	12
227705	12
228009	12
228311	12
228614	12
228909	12
229201	12
229487	12
229776	12
230091	12
230402	12
230698	12
230994	12
231287	12
231579	12
231865	12
232163	12
232481	12
232785	12
233078	12
233366	12
233658	12
233951	12
234246	12
234556	12
234870	12
235169	12
235457	12
235762	12
236034	12
236331	12
236633	12
236942	12
237252	12
237544	12
237830	12
238118	12
238418	12
238725	12
239027	12
239337	12
239639	12
239942	12
240206	12
240496	12
240800	12
241108	12
241411	12
241717	12
242011	12
242295	12
242587	12
242884	12
243197	12
243503	12
243801	12
244099	12
244387	12
244672	12
244968	12
245272	12
245588	12
245893	12
246182	12
246479	12
246770	12
247057	12
247361	12
247667	12
247979	12
248273	12
248555	12
248854	12
249146	12
249441	12
249752	12
250059	12
250364	12
250672	12
250934	12
251235	12
251533	12
251833	12
252139	12
252441	12
252738	12
253022	12
253307	12
253614	12
253920	12
254246	12
254527	12
254823	12
255117	12
255401	12
255691	12
256003	12
256309	12
256606	12
256901	12
257193	12
257486	12
257774	12
258075	12
258393	12
258696	12
258990	12
259279	12
259571	12
259862	12
260155	12
260463	12
260776	12
261077	12
261367	12
261653	12
261949	12
262247	12
262548	12
262858	12
263168	12
263459	12
263743	12
264030	12
264329	12
264629	12
264931	12
265244	12
265546	12
265832	12
266121	12
266411	12
266717	12
267023	12
267323	12
267631	12
267922	12
268205	12
268494	12
268790	12
269104	12
269411	12
269710	12
270012	12
270302	12
270586	12
270881	12
271186	12
271500	12
271802	12
272091	12
272388	12
272677	12
272962	12
273265	12
273575	12
273886	12
274183	12
274468	12
274766	12
275075	12
275349	12
275656	12
275963	12
276268	12
276555	12
276839	12
277139	12
277437	12
277762	12
278047	12
278355	12
278651	12
278935	12
279221	12
279526	12
279830	12
280129	12
280432	12
280731	12
281022	12
281326	12
281602	12
281915	12
282221	12
282521	12
282818	12
283111	12
283398	12
283685	12
283988	12
284300	12
284605	12
284902	12
285191	12
285486	12
285777	12
286071	12
286384	12
286695	12
286993	12
287283	12
287590	12
287864	12
288159	12
288457	12
288771	12
289079	12
289370	12
289659	12
289948	12
290246	12
290549	12
290849	12
291164	12
291462	12
291744	12
292033	12
292323	12
292628	12
292933	12
293235	12
293547	12
293839	12
294123	12
294413	12
294710	12
295022	12
295326	12
295623	12
295927	12
296215	12
296495	12
296808	12
297096	12
297410	12
297711	12
298006	12
298305	12
298592	12
298876	12
299177	12
299487	12
299794	12
300089	12
300378	12
300673	12
300962	12
301256	12
301565	12
301878	12
302180	12
302470	12
302759	12
303053	12
303348	12
303649	12
303955	12
304265	12
304559	12
304842	12
305137	12
305436	12
305737	12
306044	12
306347	12
306649	12
306936	12
307218	12
307517	12
307821	12
308123	12
308430	12
308727	12
309023	12
309312	12
309597	12
309907	12
310218	12
310519	12
310820	12
311109	12
311402	12
311690	12
311980	12
312297	12
312607	12
312904	12
313198	12
313488	12
313784	12
314075	12
314375	12
314694	12
314998	12
315288	12
315575	12
315862	12
316158	12
316457	12
316761	12
317079	12
317377	12
317661	12
317950	12
318241	12
318546	12
318851	12
319155	12
319465	12
319754	12
320034	12
320322	12
320622	12
320934	12
321240	12
321544	12
321844	12
322131	12
322411	12
322705	12
323015	12
323322	12
323623	12
323922	12
324214	12
324497	12
324787	12
325090	12
325407	12
325713	12
326006	12
326301	12
326591	12
326878	12
327177	12
327482	12
327796	12
328095	12
328378	12
328673	12
328969	12
329262	12
329570	12
329877	12
330187	12
330477	12
330757	12
331055	12
331352	12
331651	12
331957	12
332262	12
332563	12
332848	12
333133	12
333436	12
333740	12
334043	12
334347	12
334643	12
334938	12
335244	12
335510	12
335819	12
336126	12
336428	12
336728	12
337020	12
337317	12
337604	12
337899	12
338216	12
338521	12
338815	12
339107	12
339396	12
339686	12
339979	12
340283	12
340598	12
340902	12
341195	12
341503	12
341777	12
342070	12
342370	12
342680	12
342990	12
343286	12
343571	12
343856	12
344153	12
344454	12
344759	12
345070	12
345378	12
345665	12
345951	12
346238	12
346542	12
346847	12
347148	12
347459	12
347754	12
348056	12
348325	12
348619	12
348931	12
349238	12
349537	12
349843	12
350132	12
350414	12
350706	12
351009	12
351321	12
351625	12
351917	12
352214	12
352505	12
352792	12
353092	12
353402	12
353717	12
354044	12
354298	12
354596	12
354885	12
355176	12
355480	12
355787	12
356125	12
356384	12
356670	12
356968	12
357263	12
357562	12
357870	12
358175	12
358475	12
358760	12
359046	12
359345	12
359646	12
359948	12
360252	12
360556	12
360849	12
361135	12
361426	12
361734	12
362041	12
362340	12
362638	12
362935	12
363222	12
363507	12
363807	12
364119	12
364424	12
364724	12
365017	12
365312	12
365600	12
365889	12
366200	12
366509	12
366809	12
367104	12
367390	12
367683	12
367975	12
368272	12
368588	12
368898	12
369192	12
369483	12
369770	12
370067	12
370365	12
370667	12
370982	12
371285	12
371567	12
371886	12
372145	12
372447	12
372752	12
373055	12
373371	12
373664	12
373946	12
374234	12
374529	12
374839	12
375142	12
375442	12
375748	12
376037	12
376320	12
376613	12
376917	12
377233	12
377536	12
377829	12
378129	12
378417	12
378699	12
378998	12
379306	12
379618	12
379914	12
380203	12
380502	12
380793	12
381083	12
381411	12
381701	12
382006	12
382295	12
382583	12
382878	12
383170	12
383469	12
383774	12
384084	12
384383	12
384670	12
384960	12
385259	12
385558	12
385863	12
386165	12
386493	12
386761	12
387043	12
387338	12
387640	12
387943	12
388249	12
388550	12
388848	12
389136	12
389419	12
389724	12
390032	12
390333	12
390637	12
390930	12
391222	12
391508	12
391796	12
392109	12
392420	12
392722	12
393020	12
393309	12
393602	12
393891	12
394187	12
394505	12
394812	12
395104	12
395391	12
395678	12
395975	12
396270	12
396575	12
396895	12
397197	12
397481	12
397767	12
398057	12
398357	12
398659	12
398964	12
399277	12
399569	12
399851	12
400137	12
400435	12
400744	12
401053	12
401357	12
401660	12
401947	12
402228	12
402518	12
402825	12
403135	12
403436	12
403737	12
404032	12
404318	12
404605	12
404904	12
405217	12
405525	12
405822	12
406118	12
406408	12
406692	12
406988	12
407292	12
407605	12
407930	12
408199	12
408494	12
408785	12
409076	12
409382	12
409689	12
409999	12
410295	12
410577	12
410871	12
411166	12
411462	12
411770	12
412077	12
412383	12
412671	12
412954	12
413255	12
413555	12
413857	12
414164	12
414464	12
414789	12
415042	12
415327	12
415634	12
415940	12
416244	12
416569	12
416844	12
417137	12
417423	12
417713	12
418028	12
418334	12
418632	12
418926	12
419216	12
419509	12
419798	12
420098	12
420417	12
420721	12
421013	12
421302	12
421594	12
421885	12
422181	12
422490	12
422802	12
423099	12
423387	12
423673	12
423969	12
424267	12
424569	12
424882	12
425190	12
425480	12
425766	12
426052	12
426351	12
426656	12
426956	12
427267	12
427568	12
427852	12
428140	12
428433	12
428741	12
429048	12
429346	12
429655	12
429947	12
430229	12
430518	12
430817	12
431128	12
431432	12
431728	12
432051	12
432319	12
432605	12
432900	12
433207	12
433521	12
433822	12
434112	12
434428	12
434695	12
434983	12
435286	12
435595	12
435907	12
436202	12
436489	12
436787	12
437077	12
437370	12
437677	12
437984	12
438286	12
438573	12
438860	12
439157	12
439454	12
439756	12
440064	12
440372	12
440665	12
440951	12
441243	12
441543	12
441848	12
442151	12
442452	12
442752	12
443040	12
443355	12
443621	12
443932	12
444238	12
444541	12
444837	12
445133	12
445420	12
445706	12
446015	12
446325	12
446625	12
446923	12
447213	12
447505	12
447795	12
448089	12
448405	12
448716	12
449013	12
449304	12
449591	12
449905	12
450179	12
450479	12
450830	12
451101	12
451390	12
451677	12
451966	12
452268	12
452570	12
452873	12
453189	12
453485	12
453767	12
454052	12
454344	12
454648	12
454953	12
455256	12
455565	12
455873	12
456136	12
456427	12
456729	12
457039	12
457344	12
457646	12
457973	12
458227	12
458512	12
458806	12
459118	12
459427	12
459728	12
460026	12
460319	12
460605	12
460896	12
461199	12
461513	12
461816	12
462107	12
462403	12
462693	12
462980	12
463280	12
463588	12
463900	12
464199	12
464484	12
464781	12
465073	12
465365	12
465672	12
465978	12
466285	12
466575	12
466857	12
467155	12
467452	12
467753	12
468062	12
468367	12
468669	12
468955	12
469238	12
469541	12
469844	12
470143	12
470446	12
470745	12
471037	12
471323	12
471613	12
471923	12
472230	12
472532	12
472831	12
473124	12
473434	12
473701	12
474000	12
474313	12
474618	12
474916	12
475206	12
475498	12
475811	12
476084	12
476392	12
476709	12
477010	12
477299	12
477586	12
477879	12
478171	12
478470	12
478783	12
479093	12
479386	12
479674	12
479963	12
480261	12
480562	12
480865	12
481178	12
481479	12
481764	12
482051	12
482341	12
482644	12
482948	12
483250	12
483562	12
483856	12
484140	12
484430	12
484726	12
485039	12
485343	12
485640	12
485946	12
486233	12
486514	12
486805	12
487110	12
487421	12
487725	12
488020	12
488320	12
488607	12
488891	12
489189	12
489502	12
489809	12
490105	12
490395	12
490689	12
490977	12
491271	12
491576	12
491891	12
492196	12
492484	12
492774	12
493068	12
493360	12
493662	12
493968	12
494278	12
494572	12
494853	12
495148	12
495446	12
495746	12
496077	12
496360	12
496663	12
496949	12
497232	12
497530	12
497832	12
498135	12
498441	12
498740	12
499036	12
499322	12
499608	12
499917	12
500225	12
500529	12
500830	12
501121	12
501415	12
501700	12
501991	12
502306	12
502613	12
502909	12
503204	12
503494	12
503787	12
504078	12
504380	12
504697	12
504999	12
505325	12
505580	12
505870	12
506164	12
506461	12
506768	12
507081	12
507381	12
507668	12
507954	12
508163	5
508461	12
508761	12
509064	12
509378	12
509675	12
509956	12
510242	12
510537	12
510844	12
511148	12
511454	12
511782	12
512052	12
512335	12
512623	12
512927	12
513236	12
513537	12
513840	12
514136	12
514419	12
514706	12
515003	12
515314	12
515624	12
515925	12
516222	12
516514	12
516798	12
517093	12
517396	12
517709	12
518013	12
518302	12
518597	12
518887	12
519176	12
519479	12
519789	12
520100	12
520396	12
520680	12
520977	12
521267	12
521560	12
521868	12
522174	12
522480	12
522768	12
523051	12
523352	12
523650	12
523951	12
524257	12
524563	12
524860	12
525144	12
525430	12
525732	12
526037	12
526335	12
526638	12
526940	12
527230	12
527515	12
527811	12
528120	12
528456	12
528729	12
529024	12
529319	12
529605	12
529891	12
530195	12
530505	12
530808	12
531109	12
531399	12
531693	12
531985	12
532278	12
532591	12
532901	12
533198	12
533492	12
533778	12
534073	12
534366	12
534665	12
534982	12
535290	12
535579	12
535868	12
536158	12
536454	12
536774	12
537057	12
537372	12
537668	12
537952	12
538240	12
538531	12
538836	12
539141	12
539447	12
539758	12
540049	12
540332	12
540620	12
540919	12
541229	12
541532	12
541834	12
542135	12
542440	12
542704	12
542998	12
543308	12
543618	12
543920	12
544220	12
544544	12
544799	12
545086	12
545387	12
545701	12
546005	12
546299	12
546594	12
546885	12
547172	12
547472	12
547781	12
548095	12
548394	12
548679	12
548974	12
549264	12
549558	12
549863	12
550169	12
550480	12
550770	12
551052	12
551352	12
551649	12
551948	12
552255	12
552559	12
552859	12
553144	12
553428	12
553729	12
554030	12
554330	12
554635	12
554937	12
555231	12
555517	12
555808	12
556114	12
556421	12
556723	12
557021	12
557318	12
557606	12
557891	12
558190	12
558501	12
558807	12
559108	12
559401	12
559695	12
559985	12
560271	12
560583	12
560894	12
561193	12
561488	12
561776	12
562068	12
562358	12
562654	12
562972	12
563282	12
563576	12
563866	12
564059	5
564351	12
564647	12
564949	12
565261	12
565567	12
565857	12
566144	12
566431	12
566733	12
567037	38
567341	38
567655	12
567954	12
568236	12
568524	12
568814	12
569120	12
569426	12
569726	12
570036	12
570324	12
570607	38
570899	12
571199	12
571513	12
571817	12
572116	12
572416	12
572704	12
572987	12
573281	12
573588	12
573901	12
574201	38
574493	12
574790	12
575081	12
575368	12
575671	12
575984	12
576291	12
576583	12
576875	12
577169	12
577457	12
577753	12
578060	12
578371	12
578672	12
578958	12
579251	12
579547	12
579840	12
580146	12
580453	12
580759	12
581051	12
581334	12
581628	12
581927	12
582228	12
582535	12
582841	12
583144	12
583430	12
583713	12
584016	12
584321	12
584655	12
584926	12
585223	12
585516	12
585800	12
586086	12
586397	12
586705	12
587006	12
587306	12
587599	12
587891	12
588177	12
588474	12
588788	12
589093	12
589390	12
589680	12
589971	12
590296	12
590555	12
590863	12
591179	12
591481	12
591771	12
592058	12
592352	12
592644	12
592942	12
593256	12
593565	12
593857	12
594145	12
594433	12
594730	12
595029	12
595333	12
595650	12
595950	12
596235	12
596523	12
596811	12
597113	12
597419	12
597720	12
598033	12
598326	12
598609	12
598899	12
599196	12
599509	12
599814	38
600114	12
600418	12
600704	12
600984	12
601275	12
601581	12
601891	12
602194	12
602492	12
602789	12
603094	12
603362	12
603662	12
603975	12
604284	12
604579	12
604872	12
605164	12
605451	12
605745	12
606050	12
606364	38
606669	38
606957	12
607250	12
607546	12
607837	12
608140	12
608447	12
608756	12
609050	12
609332	12
609627	12
609924	38
610218	1
610528	38
610831	38
611136	12
611423	12
611705	12
612005	12
612307	12
612609	12
612915	12
613215	12
613510	12
613794	12
614079	12
614387	38
614695	12
614999	12
615301	12
615594	12
615888	12
616173	12
616466	12
616780	12
617087	12
617382	12
617675	12
617967	12
618257	12
618548	12
618854	12
619169	12
619472	12
619766	12
620053	12
620368	12
620637	12
620931	12
621244	12
621554	12
621850	12
622141	12
622428	12
622727	12
623024	12
623323	12
623641	38
623949	38
624237	38
624520	38
624807	12
625108	12
625409	12
625710	12
626027	12
626324	12
626607	12
626895	12
627188	12
627495	12
627801	12
628103	12
628410	38
628698	38
628978	12
629267	12
629568	12
629880	12
630186	12
630488	12
630785	12
631072	12
631358	12
631652	12
631964	12
632275	12
632572	38
632868	38
633161	12
633445	12
633736	12
634040	12
634354	12
634660	12
634952	12
635247	12
635537	12
635824	12
636128	12
636435	12
636746	38
637043	38
637326	12
637621	12
637914	12
638211	12
638520	12
638828	12
639136	12
639424	12
639706	12
640006	12
640304	12
640603	38
640911	12
641214	12
641512	12
641795	12
642081	12
642389	12
642695	12
642996	12
643301	12
643597	12
643888	12
644172	12
644463	38
644775	38
645082	12
645411	12
645678	12
645971	12
646261	12
646551	12
646853	12
647167	12
647472	12
647768	12
648056	12
648351	38
648640	38
648931	12
649244	12
649553	12
649852	12
