108340	1
108737	1
109143	1
109534	1
109890	1
110301	1
110713	1
111101	1
111501	1
111863	1
112247	1
112653	1
113049	1
113436	1
113820	1
114200	1
114572	1
114991	1
115379	1
115770	1
116143	1
116524	1
116894	1
117314	1
117581	16
117713	1
118096	1
118478	1
118872	1
119262	1
119678	1
120058	1
120427	1
120815	1
121217	1
121398	16
121617	1
122010	1
122401	1
122743	1
123110	1
123491	1
123889	1
124265	1
124640	1
124999	1
125381	1
125766	1
126170	1
126542	1
126926	1
127308	1
127684	1
128085	1
128499	1
128859	1
129253	1
129627	1
130018	1
130421	1
130809	1
131189	1
131556	1
131950	1
132342	1
132736	1
133099	1
133456	1
133796	1
134161	1
134542	1
134927	1
135408	1
135847	1
136258	1
136659	1
137075	1
137448	1
137830	1
138216	1
138599	1
139014	1
139400	1
139773	1
140149	1
140538	1
140940	1
141329	1
141718	1
142094	1
142469	1
142884	1
143288	1
143692	1
144080	1
144465	1
144847	1
145268	1
145670	1
146060	1
146459	1
146841	1
147252	1
147663	1
148070	1
148451	1
148842	1
149237	1
149641	1
150057	1
150445	1
150825	1
151220	1
151612	1
152019	1
152405	1
152788	1
153143	1
153537	1
153921	1
154306	1
154673	1
155043	1
155415	1
155798	1
156213	1
156583	1
156945	1
157319	1
157701	1
158079	1
158473	1
158842	1
159200	1
159558	1
159958	1
160448	1
160892	1
161290	1
161684	1
162001	14
162064	1
162463	1
162838	1
163040	14
163229	1
163582	1
163942	1
164329	1
164722	1
165111	1
165493	1
165870	1
166247	1
166630	1
167033	1
167119	16
167420	1
167784	1
168145	1
168523	1
168905	1
169304	1
169686	1
170047	1
170425	1
170801	1
171188	1
171581	1
171955	1
172326	1
172683	1
173070	1
173452	1
173824	1
174185	1
174536	1
174874	1
175254	1
175679	1
176132	1
176528	1
176909	1
177286	1
177682	1
178074	1
178437	1
178786	1
179155	1
179500	1
179844	1
179895	14
180041	5
180184	37
180621	6
180712	14
181027	1
181400	1
181790	1
182158	1
182556	1
182920	1
183273	1
183648	1
184038	1
184418	1
184796	1
185164	1
185508	1
185873	1
186356	1
186808	1
187213	1
187601	1
187978	1
188368	1
188775	1
189148	1
189502	1
189876	1
190235	1
190619	1
191003	1
191362	1
191697	1
192059	1
192429	1
192881	1
193342	1
193553	5
193696	37
194133	1
194553	1
194944	1
195319	1
195696	1
196072	1
196433	1
196803	1
197180	1
197550	1
197906	1
198371	1
198826	1
199241	1
199660	1
200045	1
200415	1
200792	1
201187	1
201574	1
201971	1
202342	1
202704	1
203074	1
203467	1
203835	1
204214	1
204608	1
205063	1
205495	1
205731	5
206305	1
206704	1
207065	1
207434	1
207811	1
208205	1
208574	1
208929	1
209293	1
209649	1
210016	1
210460	1
210887	1
211265	1
211640	1
212015	1
212404	1
212809	1
213190	1
213547	1
213941	1
214332	1
214710	1
215094	1
215469	1
215837	1
216215	1
216619	1
216994	1
217354	1
217728	1
218073	1
218440	1
218906	1
219385	1
219806	1
220207	1
220597	1
220989	1
221206	5
221307	37
221738	1
222085	1
222447	1
222805	1
223215	1
223664	1
224051	1
224436	1
224821	1
225226	1
225611	1
225999	1
226369	1
226742	1
227128	1
227530	1
227899	1
228274	1
228634	1
229005	1
229380	1
229755	1
230134	1
230481	1
230948	1
231371	1
231783	1
232181	1
232586	1
232964	1
233372	1
233748	1
234137	1
234516	1
234868	1
235230	1
235593	1
236000	1
236380	1
236750	1
237124	1
237487	1
237839	1
238302	1
238802	1
239205	1
239640	1
240024	1
240446	1
240857	1
241220	1
241587	1
241986	1
242385	1
242786	1
243162	1
243519	1
243881	1
244254	1
244655	1
245037	1
245427	1
245782	1
246151	1
246542	1
246948	1
247341	1
247732	1
248114	1
248503	1
248908	1
249312	1
249688	1
250054	1
250435	1
250822	1
251220	1
251606	1
251973	1
252321	1
252678	1
252926	14
253029	1
253419	1
253873	1
254180	14
254259	1
254623	1
255022	1
255412	1
255797	1
256157	1
256506	1
256842	1
257187	1
257615	1
257956	1
258301	1
258629	1
259090	1
259490	1
259930	1
260310	1
260665	1
261018	1
261386	1
261745	1
262114	1
262474	1
262958	1
263192	8
263670	1
264186	1
264555	1
264949	1
265315	1
265681	1
266082	1
266473	1
266848	1
267211	1
267557	1
267931	1
268510	1
268697	5
268976	1
269368	1
269782	1
270176	1
270574	1
270988	1
271373	1
271749	1
272129	1
272520	1
272906	1
273277	1
273633	1
273989	1
274451	1
274894	1
275301	1
275687	1
276052	1
276177	14
276430	1
276816	1
277186	1
277565	1
277905	1
278057	14
278289	1
278657	1
279048	1
279432	1
279793	1
280145	1
280500	1
280515	16
280944	1
281419	1
281865	1
282251	1
282633	1
283030	1
283437	1
283831	1
284221	1
284593	1
284955	1
285350	1
285740	1
286128	1
286496	1
286861	1
287229	1
287614	1
287995	1
288349	1
288741	1
289160	1
289564	1
289944	1
290324	1
290678	1
291025	1
291381	1
291731	1
292106	1
292485	1
292846	1
293071	14
293198	1
293555	1
293939	1
294300	1
294671	1
294799	14
295039	1
295391	1
295739	1
296125	1
296514	1
296901	1
297264	1
297628	1
297982	1
298355	1
298742	1
299164	1
299591	1
299992	1
300380	1
300782	1
301187	1
301222	14
301551	1
301855	14
301897	1
302305	1
302716	1
303115	1
303510	1
303886	1
304251	1
304631	1
305012	1
305372	1
305751	1
306122	1
306677	1
306962	1
307380	1
307779	1
308180	1
308549	1
308930	1
309325	1
309713	1
310078	1
310445	1
310806	1
311164	1
311535	1
311685	14
311987	1
312423	1
312628	14
312838	1
312945	14
313238	1
313650	1
314055	1
314443	1
314817	1
315182	1
315605	1
315997	1
316385	1
316774	1
317138	1
317530	1
317931	1
318323	1
318688	1
319095	1
319467	1
319864	1
320262	1
320664	1
321043	1
321411	1
321790	1
322177	1
322578	1
322953	1
323326	1
323695	1
324077	1
324454	1
324874	1
325255	1
325603	1
326005	1
326392	1
326580	5
326699	37
327161	1
327543	1
327900	1
328267	1
328648	1
329035	1
329401	1
329755	1
330116	1
330489	1
331001	1
331464	1
331868	1
332264	1
332642	1
333040	1
333441	1
333831	1
334190	1
334212	14
334364	14
334573	1
334953	1
335334	1
335722	1
336094	1
336303	14
336431	1
336488	14
336780	1
337156	1
337630	1
338069	1
338488	1
338890	1
339290	1
339706	1
340099	1
340481	1
340850	1
341234	1
341610	1
342015	1
342382	1
342755	1
343112	1
343489	1
343871	1
344251	1
344641	1
345179	1
345623	1
346052	1
346447	1
346853	1
347216	1
347585	1
347976	1
348367	1
348752	1
349129	1
349491	1
349855	1
350240	1
350636	1
351009	1
351399	1
351764	1
352138	1
352531	1
352921	1
353295	1
353659	1
354039	1
354426	1
354821	1
355230	1
355604	1
355977	1
356363	1
356757	1
357152	1
357525	1
357899	1
358288	1
358684	1
359087	1
359501	1
359875	1
360260	1
360660	1
361050	1
361452	1
361854	1
362235	1
362628	1
363000	1
363407	1
363808	1
364183	1
364555	1
364931	1
365314	1
365698	1
366090	1
366353	14
366453	1
366810	1
367185	1
367562	1
367908	1
368299	1
368645	1
369003	1
369466	1
369906	1
370311	1
370665	1
371059	1
371429	1
371823	1
372227	1
372616	1
372977	1
373352	1
373517	14
373714	1
374101	1
374484	1
374852	1
375199	1
375554	1
375937	1
376355	1
376741	1
377108	1
377449	1
377789	1
378143	1
378494	1
378844	1
379185	1
379355	14
379526	1
379858	1
380203	1
380554	1
380896	1
381233	1
381562	1
381886	1
382209	1
382550	1
382911	1
383257	1
383599	1
383933	1
384275	1
384616	1
384968	1
385318	1
385646	1
385971	1
386291	1
386630	1
386965	1
387305	1
387644	1
387948	1
388268	1
388580	1
388908	1
389232	1
389553	1
389883	1
390201	1
390502	1
390845	1
391194	1
391554	1
391892	1
392230	1
392555	1
392847	6
393056	5
393120	37
393521	1
393850	1
394158	1
394440	1
394752	1
394948	14
395065	1
395368	1
395687	1
396004	1
396313	1
396618	1
396918	1
397234	1
397559	1
397913	1
398258	1
398590	1
398917	1
399231	1
399581	1
399741	16
399924	1
400246	1
400584	1
400933	1
401253	1
401605	1
401982	1
402349	1
402678	1
403021	1
403355	1
403700	1
404062	1
404432	1
404796	1
405111	1
405436	1
405608	16
405787	1
406105	1
406572	1
406941	1
407289	1
407629	1
408138	1
408548	1
408923	1
409297	1
409616	1
409942	1
410285	1
410690	1
411060	1
411504	1
411844	1
412190	1
412560	1
412957	1
413512	1
413957	1
414373	1
414758	1
415150	1
415535	1
415870	1
416228	1
416678	1
416802	14
417024	1
417409	1
417846	1
418198	1
418579	1
418964	1
419358	1
419761	1
420144	1
420515	1
420845	1
421252	1
421669	1
421766	14
422157	1
422524	1
422921	1
423315	1
423726	1
424115	1
424505	1
424861	1
425244	1
425627	1
426020	1
426448	1
427064	1
427428	1
427840	1
428240	1
428661	1
429039	1
429133	14
429396	1
429720	14
429767	1
430176	1
430563	1
430952	1
431494	1
431978	1
432421	1
432815	1
433193	1
433562	1
433922	1
434313	1
434700	1
435093	1
435657	11
436069	1
436469	1
436887	1
437295	1
437548	14
437665	1
438029	1
438399	1
438760	1
439133	1
439548	1
439987	1
440424	1
440857	1
441261	1
441645	1
442028	1
442396	1
442751	1
443135	1
443510	1
443873	1
444227	1
444599	1
444956	1
445358	1
445747	1
446121	1
446477	1
446837	1
447193	1
447588	1
448058	1
448401	1
448753	1
449123	1
449488	1
449861	1
450223	1
450567	1
450908	1
451250	1
451613	1
451970	1
452321	1
452444	14
452648	1
452977	1
453327	1
453665	1
454026	1
454362	1
454712	1
455049	1
455366	1
455716	1
456062	1
456422	1
456760	1
457078	1
457258	5
457752	1
458096	1
458454	1
458806	1
459137	1
459451	1
459785	1
460136	1
460497	1
460856	1
461216	1
461555	1
461899	1
462239	1
462602	1
462939	1
463287	1
463624	1
463931	1
464259	1
464607	1
464962	1
465310	1
465651	1
465994	1
466317	1
466653	1
467012	1
467346	1
467668	1
467985	1
468302	1
468617	1
468959	1
469316	1
469639	1
469978	1
470137	14
470321	1
470643	1
470982	1
471316	1
471655	1
471985	1
472305	1
472602	1
472919	1
473247	1
473577	1
473890	1
474218	1
474534	1
474844	1
475171	1
475510	1
475848	1
476163	1
476494	1
476813	1
477112	1
477446	1
477790	1
478143	1
478464	1
478794	1
479123	1
479446	1
479794	1
480157	1
480504	1
480835	1
481163	1
481505	1
481837	1
482191	1
482547	1
482885	1
483198	1
483523	1
483851	1
484196	1
484536	1
484857	1
485193	1
485517	1
485840	1
486183	1
486531	1
486869	1
487193	1
487526	1
487849	1
488180	1
488539	1
488880	1
489211	1
489576	1
489912	1
490263	1
490593	1
490797	5
490898	37
491338	1
491647	1
491967	1
492302	1
492626	1
492946	1
493292	1
493611	1
493901	1
494200	1
494523	1
494853	1
495198	1
495532	1
495869	1
496171	1
496478	1
496797	1
497137	1
497479	1
497813	1
498150	1
498470	1
498791	1
499119	1
499452	1
499785	1
500105	1
500414	1
500737	1
501064	1
501403	1
501751	1
502080	1
502418	1
502727	1
503077	1
503428	1
503764	1
504126	1
504476	1
504812	1
505135	1
505491	1
505835	1
506185	1
506546	1
506863	1
507200	1
507561	1
507933	1
508266	1
508626	1
508968	1
509292	1
509631	1
509803	5
510333	1
510679	1
510991	1
511324	1
511676	1
512001	1
512352	1
512727	1
513055	1
513396	1
513728	1
514108	1
514463	1
514835	1
515187	1
515523	1
515873	1
516218	1
516603	1
516974	1
517322	1
517664	1
518023	1
518366	1
518747	1
519098	1
519439	1
519775	1
520138	1
520456	1
520800	1
521184	1
521516	1
521877	1
522231	1
522562	1
522979	1
523357	1
523728	1
524098	1
524460	1
524803	1
525182	1
525529	1
525899	1
526230	1
526417	5
526532	37
526953	1
527326	1
527651	1
528026	1
528246	8
528756	1
528960	8
529389	1
529762	1
530114	1
530468	1
530823	1
531143	1
531533	1
531896	1
532241	1
532611	1
532972	1
533340	1
533697	1
534071	1
534441	1
534807	1
535166	1
535512	1
535879	1
536232	1
536601	1
536964	1
537294	1
537648	1
538021	1
538380	1
538765	1
539114	1
539457	1
539790	1
540147	1
540510	1
540890	1
541222	1
541571	1
541916	1
542276	1
542626	1
543000	1
543367	1
543711	1
544088	1
544465	1
544832	1
545213	1
545549	1
545915	1
546280	1
546682	1
547029	1
547409	1
547749	1
548115	1
548462	1
548885	1
549273	1
549655	1
550042	1
550402	1
550751	1
551170	1
551539	1
551902	1
552291	1
552634	1
553104	1
553575	1
553977	1
554330	1
554714	1
555088	1
555466	1
555864	1
556210	1
556575	1
557011	1
557470	1
557884	1
558302	1
558669	1
559052	1
559414	1
559847	1
560237	1
560625	1
560993	1
561362	1
561739	1
562157	1
562558	1
562950	1
563317	1
563706	1
564086	1
564468	1
564846	1
565212	1
565572	1
565952	1
566307	1
566674	1
567036	1
567385	1
567752	1
568109	1
568546	1
568978	1
569337	1
569722	1
570095	1
570447	1
570835	1
571175	1
571508	1
571906	1
572235	1
572662	1
573037	1
573369	1
573730	1
574067	1
574405	1
574779	1
575185	1
575525	1
575908	1
576278	1
576620	1
577020	1
577394	1
577783	1
578104	1
578473	1
578850	1
579194	1
579592	1
579935	1
580289	1
580619	1
580794	5
580872	37
581312	1
581645	1
581964	1
582337	1
582659	1
582995	1
583336	1
583741	1
584064	1
584408	1
584785	1
585105	1
585447	1
585838	1
586214	1
586538	1
586937	1
587285	1
587629	1
588029	1
588384	1
588750	1
589061	1
589419	1
589759	1
590143	1
590491	1
590834	1
591185	1
591506	1
591847	1
592235	1
592575	1
592937	1
593280	1
593635	1
593996	1
594339	1
594463	14
594727	1
595069	1
595416	1
595738	1
596080	1
596451	1
596808	1
597158	1
597492	1
597824	1
598188	1
598546	1
598898	1
599094	16
599288	1
599637	1
599997	1
600358	1
600745	1
601109	1
601485	1
601827	1
602172	1
602530	1
602910	1
603275	1
603629	1
603976	1
604307	1
604655	1
605019	1
605387	1
605745	1
606080	1
606422	1
606753	1
607101	1
607453	1
607799	1
608121	1
608439	1
608757	1
609074	1
609401	1
609738	1
610069	1
610380	1
610683	1
611005	1
611323	1
611647	1
611968	1
612283	1
612590	1
612888	1
613186	1
613500	1
613811	1
614116	1
614419	1
614720	1
615018	1
615317	1
615630	1
615960	1
616278	1
616601	1
616909	1
617224	1
617531	1
617841	1
618169	1
618482	1
618779	1
619062	1
619235	5
619299	37
619643	1
619930	1
620228	1
620536	1
620829	1
621112	1
621389	1
621668	1
621962	1
622255	1
622550	1
622863	1
623156	1
623439	1
623726	1
624015	1
624322	1
624633	1
624933	1
625241	1
625534	1
625814	1
626105	1
626397	1
626715	1
627019	1
627320	1
627624	1
627914	1
628196	1
628492	1
628795	1
629108	1
629414	1
629711	1
630011	1
630306	1
630605	1
630910	1
631218	1
631433	8
631840	1
632124	1
632428	1
632729	1
632876	14
633033	1
633343	1
633654	1
633966	1
634259	1
634546	1
634851	1
635157	1
635470	1
635783	1
636091	1
636397	1
636694	1
636996	1
637317	1
637637	1
637953	1
638272	1
638573	1
638884	1
639185	1
639501	1
639836	1
640165	1
640467	1
640770	1
641080	1
641406	1
641487	14
641744	1
642096	1
642449	1
642770	1
643089	1
643416	1
643743	1
644072	1
644411	1
644733	1
645034	1
645328	1
645618	1
645952	1
646271	1
646463	14
646593	1
646924	1
647241	1
647549	1
647864	1
648199	1
648531	1
648853	1
649170	1
649471	1
649769	1
