108026	5
108394	1
108646	1
108896	1
109140	1
109396	1
109661	1
109926	1
110187	1
110453	1
110715	1
110963	1
111206	1
111358	14
111456	1
111711	1
111976	1
112247	1
112508	1
112560	14
112762	1
113014	1
113270	1
113518	1
113773	1
114034	1
114304	1
114567	1
114833	1
115088	1
115337	1
115582	1
115838	1
116104	1
116375	1
116638	1
116900	1
117157	1
117412	1
117667	1
117917	1
118173	1
118343	5
118714	1
118982	1
119238	1
119486	1
119737	1
119913	16
119988	1
120243	1
120508	1
120776	1
121034	1
121301	1
121560	1
121812	1
122056	1
122311	1
122568	1
122838	1
123113	1
123248	14
123377	1
123628	1
123879	1
124141	1
124200	14
124392	1
124644	1
124911	1
125182	1
125449	1
125715	1
125969	1
126111	5
126467	1
126734	1
127000	1
127270	1
127536	1
127798	1
128052	1
128309	1
128565	1
128820	1
129080	1
129351	1
129626	1
129891	1
130143	1
130392	1
130645	1
130900	1
131161	1
131425	1
131691	1
131954	1
132219	1
132469	1
132718	1
132964	1
133223	1
133485	1
133758	1
134026	1
134289	1
134536	1
134789	1
135047	1
135304	1
135559	1
135828	1
136095	1
136365	1
136626	1
136878	1
137126	1
137379	1
137650	1
137917	1
138184	1
138448	1
138713	1
138962	1
139219	1
139474	1
139730	1
139994	1
140273	1
140545	1
140808	1
141061	1
141309	1
141559	1
141823	1
142093	1
142360	1
142624	1
142894	1
143156	1
143409	1
143657	1
143912	1
144176	1
144449	1
144722	1
144986	1
145245	1
145496	1
145753	1
146008	1
146267	1
146531	1
146801	1
146948	5
147327	1
147583	1
147834	1
148082	1
148342	1
148613	1
148885	1
149143	1
149402	1
149654	1
149905	1
150161	1
150414	1
150672	1
150937	1
151213	1
151473	1
151724	1
151972	1
152224	1
152474	1
152734	1
153001	1
153268	1
153530	1
153796	1
154053	1
154305	1
154556	1
154816	1
155079	1
155354	1
155628	1
155886	1
156137	1
156390	1
156647	1
156804	5
157166	1
157432	1
157698	1
157964	1
158223	1
158470	1
158586	16
158719	1
158968	1
159231	1
159497	1
159765	1
160028	1
160283	1
160531	1
160782	1
161035	1
161288	1
161547	1
161815	1
162090	1
162350	1
162595	1
162842	1
163094	1
163347	1
163608	1
163759	5
164142	1
164406	1
164669	1
164923	1
165172	1
165421	1
165681	1
165846	5
166216	1
166493	1
166752	1
166999	1
167254	1
167512	1
167769	1
168028	1
168297	1
168562	1
168827	1
169088	1
169335	1
169586	1
169843	1
170115	1
170382	1
170650	1
170916	1
171176	1
171428	1
171683	1
171937	1
172198	1
172461	1
172732	1
173000	1
173262	1
173510	1
173758	1
173932	5
174273	1
174543	1
174806	1
175072	1
175329	1
175591	1
175839	1
176088	1
176337	1
176601	1
176871	1
177138	1
177402	1
177659	1
177902	1
178156	1
178413	1
178670	1
178925	1
179192	1
179453	1
179713	1
179972	1
180217	1
180463	1
180721	1
180995	1
181259	1
181522	1
181784	1
182039	1
182289	1
182544	1
182799	1
183060	1
183323	1
183598	1
183866	1
184124	1
184373	1
184621	1
184872	1
185138	1
185410	1
185677	1
185942	1
186205	1
186465	1
186718	1
186967	1
187223	1
187490	1
187762	1
188031	1
188289	1
188543	1
188790	1
189047	1
189300	1
189560	1
189821	1
190092	1
190356	1
190613	1
190867	1
191117	1
191365	1
191627	1
191901	1
192170	1
192430	1
192692	1
192943	1
193196	1
193453	1
193711	1
193976	1
194244	1
194520	1
194784	1
195037	1
195287	1
195542	1
195798	1
196069	1
196339	1
196607	1
196870	1
197136	1
197392	1
197646	1
197901	1
198164	1
198328	5
198704	1
198753	14
198974	1
199229	1
199477	1
199731	1
199987	1
200243	1
200503	1
200765	1
201029	1
201161	14
201291	1
201545	1
201790	1
202040	1
202295	1
202561	1
202829	1
203096	1
203354	1
203609	1
203858	1
204110	1
204367	1
204629	1
204889	1
205158	1
205431	1
205691	1
205935	1
206183	1
206436	1
206697	1
206967	1
207237	1
207501	1
207765	1
208030	1
208281	1
208530	1
208788	1
209058	1
209328	1
209602	1
209868	1
210125	1
210242	14
210373	1
210634	1
210892	1
211157	1
211424	1
211691	1
211952	1
212080	14
212213	1
212473	1
212720	1
212971	1
213236	1
213513	1
213784	1
214048	1
214309	1
214564	1
214821	1
215081	1
215338	1
215605	1
215876	1
216154	1
216417	1
216672	1
216922	1
217179	1
217436	1
217704	1
217978	1
218247	1
218507	1
218766	1
219023	1
219277	1
219529	1
219792	1
220061	1
220334	1
220607	1
220867	1
221115	1
221371	1
221634	1
221897	1
222161	1
222431	1
222700	1
222962	1
223225	1
223476	1
223730	1
223990	1
224268	1
224537	1
224806	1
225067	1
225231	14
225324	1
225457	14
225578	1
225838	1
226096	1
226362	1
226629	1
226905	1
227170	1
227334	16
227426	1
227678	1
227932	1
228185	1
228316	14
228455	1
228729	1
228998	1
229260	1
229523	1
229780	1
230035	1
230288	1
230548	1
230817	1
231091	1
231261	5
231623	1
231878	1
232128	1
232390	1
232656	1
232920	1
233189	1
233461	1
233724	1
233984	1
234237	1
234491	1
234747	1
235025	1
235299	1
235568	1
235831	1
236091	1
236343	1
236599	1
236862	1
237132	1
237399	1
237676	1
237772	14
237945	1
238086	5
238446	1
238699	1
238952	1
239215	1
239493	1
239760	1
240018	1
240279	1
240537	1
240638	14
240789	1
241036	1
241292	1
241560	1
241828	1
241980	5
242352	1
242609	1
242856	1
243108	1
243366	1
243631	1
243894	1
244157	1
244417	1
244673	1
244925	1
245172	1
245422	1
245684	1
245958	1
246059	14
246225	1
246484	1
246739	1
246994	1
247245	1
247498	1
247754	1
248018	1
248282	1
248556	1
248816	1
248880	14
249067	1
249312	1
249564	1
249816	1
250084	1
250360	1
250625	1
250883	1
251139	1
251398	1
251649	1
251896	1
252158	1
252424	1
252697	1
252969	1
253225	1
253475	1
253729	1
253992	1
254253	1
254424	5
254793	1
255064	1
255326	1
255588	1
255840	1
256094	1
256354	1
256630	1
256905	1
257179	1
257444	1
257700	1
257955	1
258217	1
258482	1
258752	1
259022	1
259299	1
259572	1
259831	1
260083	1
260338	1
260599	1
260873	1
261155	1
261430	1
261697	1
261961	1
262226	1
262486	1
262738	1
263006	1
263281	1
263557	1
263832	1
264093	1
264344	1
264601	1
264869	1
265132	1
265400	1
265673	1
265944	1
266208	1
266471	1
266725	1
266979	1
267244	1
267526	1
267796	1
268066	1
268328	1
268584	1
268838	1
269099	1
269362	1
269524	5
269898	1
270176	1
270439	1
270698	1
270947	1
271199	1
271456	1
271728	1
272001	1
272267	1
272528	1
272789	1
273048	1
273304	1
273558	1
273821	1
274092	1
274369	1
274638	1
274894	1
274936	14
275145	1
275397	1
275661	1
275922	1
276186	1
276453	1
276721	1
276980	1
277232	1
277485	1
277741	1
277816	14
277995	1
278270	1
278543	1
278813	1
279072	1
279327	1
279576	1
279832	1
280099	1
280363	1
280624	1
280895	1
281166	1
281419	1
281662	1
281913	1
282166	1
282430	1
282703	1
282967	1
283230	1
283487	1
283746	1
283993	1
284243	1
284500	1
284766	1
285030	1
285297	1
285556	1
285807	1
286053	1
286306	1
286561	1
286826	1
287088	1
287351	1
287611	1
287869	1
288122	1
288368	1
288619	1
288874	1
289146	1
289415	1
289678	1
289928	1
290180	1
290428	1
290682	1
290943	1
291208	1
291470	1
291741	1
292008	1
292262	1
292505	1
292755	1
293010	1
293273	1
293546	1
293811	1
294069	1
294324	1
294583	1
294830	1
295079	1
295337	1
295603	1
295865	1
296132	1
296391	1
296540	5
296884	1
297141	1
297399	1
297662	1
297923	1
298184	1
298441	1
298698	1
298951	1
299197	1
299445	1
299704	1
299977	1
300242	1
300504	1
300755	1
301006	1
301255	1
301511	1
301767	1
302032	1
302295	1
302560	1
302821	1
303073	1
303314	1
303561	1
303812	1
304076	1
304344	1
304606	1
304863	1
305113	1
305213	14
305365	1
305610	1
305855	1
306104	1
306367	1
306626	1
306887	1
307144	1
307391	1
307628	1
307748	14
307875	1
308132	1
308391	1
308647	1
308905	1
309165	1
309415	1
309664	1
309909	1
310151	1
310400	1
310667	1
310931	1
311191	1
311441	1
311582	5
311927	1
312177	1
312430	1
312680	1
312936	1
313195	1
313458	1
313702	1
313878	14
313943	1
314180	1
314406	1
314659	1
314911	1
315173	1
315337	14
315417	1
315505	14
315665	1
315907	1
316146	1
316385	1
316625	1
316868	1
317120	1
317375	1
317634	1
317891	1
318134	1
318375	1
318616	1
318869	1
319121	1
319376	1
319630	1
319891	1
320143	1
320388	1
320633	1
320880	1
321125	1
321384	1
321652	1
321913	1
322162	1
322411	1
322658	1
322904	1
323154	1
323406	1
323668	1
323929	1
324194	1
324453	1
324702	1
324820	16
324945	1
325196	1
325444	1
325708	1
325981	1
326241	1
326496	1
326751	1
327009	1
327257	1
327509	1
327766	1
328035	1
328303	1
328571	1
328829	1
329079	1
329330	1
329589	1
329852	1
330120	1
330387	1
330652	1
330912	1
331169	1
331422	1
331673	1
331928	1
332194	1
332470	1
332740	1
332998	1
333249	1
333501	1
333757	1
334013	1
334274	1
334542	1
334807	1
335079	1
335338	1
335588	1
335836	1
336092	1
336350	1
336621	1
336895	1
337162	1
337417	1
337675	1
337931	1
338184	1
338437	1
338703	1
338969	1
339240	1
339510	1
339763	1
340009	1
340266	1
340530	1
340793	1
341059	1
341331	1
341594	1
341855	1
342114	1
342363	1
342617	1
342879	1
343155	1
343419	1
343688	1
343947	1
344201	1
344454	1
344715	1
344979	1
345246	1
345516	1
345792	1
346059	1
346319	1
346568	1
346825	1
347086	1
347363	1
347638	1
347911	1
348173	1
348437	1
348698	1
348956	1
349211	1
349477	1
349749	1
350019	1
350286	1
350542	1
350792	1
351048	1
351315	1
351583	1
351847	1
351991	14
352119	1
352387	1
352649	1
352911	1
353166	1
353423	1
353688	1
353970	1
354237	1
354501	1
354763	1
355019	1
355277	1
355543	1
355812	1
356084	1
356359	1
356644	1
356908	1
357167	1
357423	1
357684	1
357951	1
358226	1
358494	1
358763	1
359023	1
359156	16
359284	1
359501	16
359537	1
359794	1
360055	1
360324	1
360595	1
360867	1
361132	1
361387	1
361634	1
361892	1
362154	1
362424	1
362689	1
362956	1
363163	16
363220	1
363479	1
363734	1
363984	1
364047	14
364238	1
364497	1
364777	1
365046	1
365308	1
365563	1
365699	14
365817	1
366067	1
366273	16
366321	1
366580	1
366843	1
367105	1
367375	1
367638	1
367888	1
368132	1
368382	1
368631	1
368895	1
369166	1
369426	1
369680	1
369933	1
370186	1
370388	16
370429	1
370673	1
370778	16
370927	1
371085	16
371189	1
371374	5
371677	16
371709	1
371964	1
372064	14
372207	1
372444	1
372690	1
372941	1
372992	14
373196	1
373449	1
373706	1
373959	1
374211	1
374458	1
374699	1
374877	16
374944	1
375193	1
375455	1
375718	1
375979	1
376046	16
376226	1
376469	1
376709	1
376956	1
377203	1
377452	1
377709	1
377965	1
378227	1
378476	1
378718	1
378955	1
379198	1
379443	1
379700	1
379964	1
380220	1
380469	1
380714	1
380963	1
381203	1
381441	1
381689	1
381947	1
382200	1
382458	1
382711	1
382954	1
383055	14
383186	1
383254	14
383428	1
383679	1
383929	1
384178	1
384430	1
384625	16
384684	1
384795	16
384927	1
385169	1
385408	1
385535	14
385643	1
385878	1
386132	1
386395	1
386438	14
386647	1
386892	1
387136	1
387378	1
387615	1
387781	16
387859	1
388051	16
388103	1
388355	1
388607	1
388864	1
389120	1
389365	1
389599	1
389838	1
390081	1
390331	1
390589	1
390845	1
391103	1
391350	1
391594	1
391841	1
392085	1
392324	1
392570	1
392830	1
393092	1
393349	1
393594	1
393839	1
394077	1
394324	1
394574	1
394831	1
395082	1
395338	1
395590	1
395839	1
396085	1
396325	1
396567	1
396817	1
397083	1
397342	1
397597	1
397774	14
397848	1
398094	1
398333	1
398476	16
398581	1
398606	16
398834	1
398994	14
399087	1
399341	1
399391	14
399604	1
399870	1
400119	1
400361	1
400606	1
400854	1
401106	1
401371	1
401635	1
401894	1
402145	1
402399	1
402648	1
402897	1
403143	1
403399	1
403663	1
403932	1
404200	1
404448	1
404692	1
404938	1
405021	14
405195	1
405447	1
405708	1
405873	16
405967	1
406229	1
406481	1
406731	1
406979	1
407036	14
407225	1
407472	1
407731	1
408002	1
408266	1
408359	16
408515	1
408763	1
409008	1
409250	1
409497	1
409743	1
410001	1
410256	1
410517	1
410780	1
411026	1
411263	1
411506	1
411751	1
412009	1
412275	1
412532	1
412785	1
413034	1
413102	16
413282	1
413370	14
413524	1
413767	1
413921	14
414014	1
414272	1
414531	1
414796	1
415058	1
415306	1
415547	1
415799	1
416056	1
416309	1
416568	1
416834	1
417094	1
417352	1
417603	1
417701	14
417850	1
418097	1
418350	1
418616	1
418879	1
419143	1
419396	1
419642	1
419882	1
420132	1
420191	14
420383	1
420633	1
420889	1
421151	1
421417	1
421669	1
421913	1
422156	1
422403	1
422654	1
422914	1
423176	1
423435	1
423688	1
423939	1
424189	1
424435	1
424673	1
424924	1
425182	1
425444	1
425703	1
425951	1
426195	1
426333	14
426432	1
426679	1
426927	1
427075	5
427429	1
427689	1
427938	1
428183	1
428428	1
428666	1
428903	1
429144	1
429403	1
429547	14
429656	1
429909	1
430157	1
430396	1
430628	1
430866	1
431110	1
431348	1
431594	1
431843	1
432098	1
432341	1
432577	1
432803	1
433031	1
433262	1
433506	1
433555	14
433976	14
434000	1
434247	1
434389	5
434712	1
434961	1
435189	1
435414	1
435671	1
435895	1
436140	1
436387	1
436631	1
436864	1
437093	1
437328	1
437547	1
437803	1
438047	1
438289	1
438537	1
438778	1
439032	1
439248	1
439474	1
439703	1
439929	1
440174	1
440418	1
440662	1
440893	1
441123	1
441344	1
441583	1
441811	1
442046	1
442280	1
442520	1
442766	1
443016	1
443253	1
443480	1
443710	1
443941	1
444182	13
444412	1
444663	1
444906	1
445146	1
445383	13
445624	1
445853	1
446083	1
446314	1
446554	1
446794	1
447043	1
447293	1
447528	1
447759	1
447929	13
448218	1
448455	1
448693	1
448931	1
449173	1
449413	1
449651	1
449886	1
450112	1
450337	1
450564	1
450801	1
450945	14
451046	1
451291	1
451533	1
451766	1
451997	1
452224	1
452454	1
452687	1
452919	1
453162	1
453404	1
453472	14
453654	1
453897	1
454134	1
454358	1
454585	1
454815	1
454933	14
455055	1
455299	1
455544	1
455790	1
456025	1
456262	1
456498	1
456672	5
456815	14
456951	1
457186	1
457427	1
457668	1
457830	14
457913	1
458159	1
458392	1
458616	1
458840	1
459076	1
459307	1
459542	1
459780	1
460020	1
460255	1
460491	1
460722	1
460945	1
461166	1
461388	1
461626	1
461872	1
462109	1
462342	1
462577	1
462806	1
462854	14
463028	1
463254	1
463486	1
463635	5
463950	1
464194	1
464440	1
464520	14
464673	1
464906	1
465128	1
465350	1
465573	1
465807	1
465991	16
466046	1
466285	1
466388	14
466528	1
466762	1
466998	1
467230	1
467456	1
467679	1
467905	1
468138	1
468377	1
468622	1
468866	1
469101	1
469327	1
469553	1
469781	1
470013	1
470248	1
470481	1
470721	1
470963	1
471204	1
471437	1
471665	1
471893	13
472116	1
472351	1
472412	14
472828	14
472866	1
473079	1
473319	1
473556	1
473781	1
474005	1
474242	1
474474	1
474711	1
474956	1
475205	1
475447	1
475683	1
475907	1
476122	1
476360	1
476592	1
476834	1
477075	1
477316	1
477550	1
477791	1
478007	1
478252	1
478477	1
478528	14
478919	14
478948	1
479189	1
479437	1
479686	1
479918	1
480147	1
480379	1
480617	1
480848	1
481091	1
481334	1
481578	1
481822	1
482066	1
482302	1
482530	1
482762	1
482993	1
483237	1
483486	1
483737	1
483979	1
484216	1
484451	1
484684	1
484916	1
485148	1
485390	1
485627	1
485874	1
486123	1
486364	1
486589	1
486665	14
486816	1
487046	1
487274	1
487509	1
487755	1
487997	1
488141	5
488470	1
488713	1
488940	1
489074	14
489166	1
489389	1
489621	1
489859	1
490104	1
490254	5
490592	1
490827	1
491051	1
491284	1
491514	1
491744	1
491977	1
492220	1
492462	1
492701	1
492938	1
493168	1
493393	1
493616	1
493850	1
494093	1
494333	1
494576	1
494817	1
495052	1
495278	1
495510	1
495561	16
495743	1
495972	1
496209	1
496451	1
496701	1
496946	1
497186	1
497413	1
497637	1
497865	1
498099	1
498339	1
498580	1
498823	1
499061	1
499304	1
499541	1
499771	1
499994	1
500221	1
500458	1
500698	1
500943	1
501187	1
501424	1
501654	1
501881	1
502115	1
502344	1
502578	1
502814	1
503057	1
503299	1
503539	1
503777	1
504004	1
504231	1
504454	1
504689	1
504933	1
505177	1
505411	1
505650	1
505887	1
506112	1
506340	1
506573	1
506802	1
507032	1
507275	1
507525	1
507762	1
507996	1
508222	1
508448	1
508671	1
508903	1
509141	1
509378	1
509617	1
509856	1
510097	1
510329	1
510556	1
510776	1
511004	1
511237	1
511474	1
511718	1
511961	1
512196	1
512424	1
512651	1
512882	1
513107	1
513339	1
513572	1
513812	1
514051	1
514294	1
514531	1
514636	14
514756	1
514982	1
515205	1
515435	1
515677	1
515841	14
515917	1
516150	1
516386	1
516622	1
516847	1
517077	1
517308	1
517534	1
517767	1
518008	1
518261	1
518506	1
518745	1
518972	1
519199	1
519427	1
519659	1
519898	1
520137	1
520379	1
520617	1
520860	1
521097	1
521324	1
521543	1
521773	1
522009	1
522246	1
522490	1
522741	1
522980	1
523209	1
523441	1
523678	1
523907	1
524141	1
524385	1
524632	1
524874	1
525122	1
525367	1
525597	1
525826	1
525964	5
526304	1
526552	1
526802	1
527048	1
527291	1
527529	1
527768	1
528009	1
528243	1
528481	1
528728	1
528986	1
529236	1
529485	1
529722	1
529958	1
530192	1
530434	1
530682	1
530929	1
531180	1
531430	1
531682	1
531923	1
532162	1
532394	1
532633	1
532874	1
533128	1
533386	1
533636	1
533881	1
534118	1
534361	1
534599	1
534839	1
535080	1
535331	1
535581	1
535710	16
535834	1
536085	1
536323	1
536556	1
536791	1
537041	1
537288	1
537539	1
537789	1
538040	1
538281	1
538520	1
538762	1
538995	1
539231	1
539478	1
539739	1
539862	14
539988	1
540110	14
540234	1
540475	1
540710	1
540939	1
541176	1
541422	1
541664	1
541912	1
541978	14
542161	1
542415	1
542654	1
542718	14
542893	1
543125	1
543356	1
543594	1
543845	1
544102	1
544348	1
544595	1
544834	1
545073	1
545310	1
545549	1
545787	1
546033	1
546285	1
546541	1
546791	1
547026	1
547262	1
547495	1
547735	1
547979	1
548230	1
548475	1
548723	1
548967	1
549209	1
549447	1
549680	1
549917	1
550159	1
550413	1
550670	1
550922	1
551163	1
551402	1
551638	1
551877	1
552120	1
552366	1
552616	1
552864	1
553120	1
553369	1
553608	1
553838	1
554076	1
554315	1
554564	1
554822	1
555073	1
555320	1
555561	1
555806	1
556045	1
556281	1
556517	1
556762	1
557012	1
557266	1
557518	1
557757	1
557991	1
558224	1
558467	1
558710	1
558958	1
559205	1
559454	1
559699	1
559943	1
560182	1
560412	1
560648	1
560886	1
561136	1
561392	1
561645	1
561888	1
562050	14
562125	1
562360	1
562597	1
562837	1
563077	1
563324	1
563572	1
563822	1
563953	14
564073	1
564313	1
564540	1
564770	1
565009	1
565257	1
565509	1
565762	1
566018	1
566261	1
566508	1
566751	1
566990	1
567225	1
567473	1
567728	1
567986	1
568243	1
568490	1
568645	5
568965	1
569215	1
569462	1
569714	1
569969	1
570227	1
570478	1
570728	1
570974	1
571213	1
571449	1
571690	1
571951	1
572206	1
572460	1
572707	1
572951	1
573185	1
573428	1
573676	1
573919	1
574169	1
574428	1
574692	1
574940	1
575180	1
575421	1
575662	1
575905	1
576161	1
576421	1
576678	1
576929	1
577182	1
577429	1
577670	1
577906	1
578151	1
578406	1
578666	1
578925	1
579176	1
579425	1
579661	1
579799	5
580150	1
580403	1
580655	1
580910	1
581167	1
581421	1
581668	1
581909	1
582150	1
582390	1
582646	1
582750	14
582906	1
583162	1
583413	1
583659	1
583823	14
583899	1
584139	1
584384	1
584626	1
584874	1
585128	1
585392	1
585641	1
585882	1
586118	1
586358	1
586594	1
586841	1
587101	1
587355	1
587604	1
587853	1
588103	1
588340	1
588577	1
588818	1
589067	1
589317	1
589578	1
589836	1
590082	1
590320	1
590562	1
590810	1
591054	1
591303	1
591559	1
591815	1
592065	1
592316	1
592487	14
592556	1
592792	1
593028	1
593277	1
593533	1
593784	1
594032	1
594278	1
594524	1
594760	1
594999	1
595042	14
595428	14
595482	13
595730	1
595988	1
596246	1
596496	1
596730	1
596964	1
597205	1
597446	1
597693	1
597948	1
598115	14
598204	1
598450	1
598700	1
598946	1
599184	1
599416	1
599655	1
599902	1
600157	1
600410	1
600663	1
600909	1
601141	1
601383	1
601627	1
601870	1
602112	1
602363	1
602616	1
602867	1
603113	1
603349	1
603584	1
603816	1
604064	1
604318	1
604571	1
604818	1
605068	1
605151	16
605308	1
605548	1
605791	1
606025	1
606099	14
606265	1
606514	1
606769	1
607020	1
607271	1
607504	1
607738	1
607967	1
608206	1
608448	1
608692	1
608858	5
609187	1
609438	1
609680	1
609915	1
610144	1
610377	1
610617	1
610863	1
611116	1
611361	1
611603	1
611834	1
611946	14
612067	1
612305	1
612541	1
612652	14
612772	1
613016	1
613266	1
613513	1
613757	1
613994	1
614226	1
614455	1
614691	1
614939	1
615184	1
615322	16
615429	1
615672	1
615916	1
616148	1
616379	1
616612	1
616844	1
617079	1
617196	14
617320	1
617522	5
617821	1
618060	1
618290	1
618520	1
618742	1
618935	14
618976	1
619135	5
619463	1
619711	1
619834	14
619955	1
620207	1
620449	1
620684	1
620915	1
621153	1
621394	1
621648	1
621909	1
622159	1
622404	1
622645	1
622890	1
623127	1
623368	1
623613	1
623867	1
624120	1
624379	1
624633	1
624870	1
625107	1
625347	1
625596	1
625845	1
626103	1
626356	1
626607	1
626853	1
627098	1
627342	1
627581	1
627824	1
628078	1
628345	1
628467	14
628602	1
628854	1
629097	1
629226	14
629340	1
629581	1
629824	1
630075	1
630330	1
630582	1
630838	1
631098	1
631339	1
631573	1
631813	1
632060	1
632314	1
632573	1
632833	1
633089	1
633335	1
633584	1
633831	1
633956	14
634074	1
634317	1
634381	14
634571	1
634832	1
635091	1
635351	1
635596	1
635837	1
636079	1
636332	1
636586	1
636845	1
637104	1
637363	1
637611	1
637859	1
638108	1
638350	1
638593	1
638851	1
639118	1
639374	1
639625	1
639873	1
640117	1
640358	1
640606	1
640856	1
641112	1
641370	1
641635	1
641889	1
642137	1
642376	1
642617	1
642862	1
643121	1
643388	1
643644	1
643899	1
644151	1
644403	1
644648	1
644894	1
645144	1
645406	1
645668	1
645935	1
646193	1
646445	1
646687	1
646936	1
647192	1
647450	1
647705	1
647968	1
648226	1
648483	1
648733	1
648977	1
649221	1
649471	1
649740	1
