108261	1
108589	1
108921	1
109284	1
109654	1
109991	1
110354	1
110741	1
111111	1
111444	1
111799	1
112186	1
112536	1
112860	1
113200	1
113555	1
113882	1
114202	1
114543	1
114878	1
115198	1
115532	1
115872	1
116198	1
116526	1
116889	1
117261	1
117587	1
117926	1
118310	1
118637	1
118966	1
119308	1
119661	1
119982	1
120313	1
120660	1
121018	1
121334	1
121683	1
122040	1
122359	1
122666	1
123001	1
123354	1
123673	1
123995	1
124379	1
124754	1
125082	1
125423	1
125765	1
126096	1
126397	1
126732	1
127129	1
127471	1
127788	1
128135	1
128501	1
128815	1
129132	1
129480	1
129821	1
130128	1
130447	1
130792	1
131112	1
131414	1
131738	1
132082	1
132406	1
132713	1
133044	1
133418	1
133778	1
134105	1
134491	1
134860	1
135189	1
135529	1
135898	1
136227	1
136527	1
136855	1
137211	1
137528	1
137841	1
138201	1
138583	1
138913	1
139260	1
139660	1
140004	1
140317	1
140672	1
141056	1
141390	1
141694	1
142048	1
142416	1
142773	1
143111	1
143482	1
143880	1
144233	1
144555	1
144914	1
145260	1
145578	1
145887	1
146223	1
146568	1
146883	1
147206	1
147560	1
147938	1
148277	1
148650	1
149034	1
149366	1
149680	1
150003	1
150331	1
150637	1
150954	1
151287	1
151630	1
151938	1
152250	1
152583	1
152921	1
153225	1
153563	1
153936	1
154295	1
154626	1
154964	1
155297	1
155606	1
155907	1
156235	1
156590	1
156910	1
157215	1
157542	1
157852	1
158147	1
158448	1
158800	1
159150	1
159473	1
159865	1
160257	1
160588	1
160927	1
161285	1
161618	1
161934	1
162252	1
162589	1
162917	1
163218	1
163523	1
163857	1
164168	1
164480	1
164810	1
165183	1
165538	1
165853	1
166175	1
166508	1
166824	1
167128	1
167423	1
167713	1
168013	1
168321	1
168624	1
168933	1
169235	1
169678	1
170095	1
170460	1
170826	1
171200	1
171579	1
171938	1
172315	1
172689	1
173054	1
173410	1
173774	1
174130	1
174452	1
174789	1
175174	1
175526	1
175854	1
176223	1
176592	1
176917	1
177240	1
177590	1
177944	1
178290	1
178605	1
178957	1
179328	1
179707	1
180031	1
180354	1
180689	1
181026	1
181330	1
181645	1
181994	1
182350	1
182669	1
183005	1
183378	1
183733	1
184041	1
184383	1
184760	1
185096	1
185413	1
185748	1
186081	1
186387	1
186701	1
187029	1
187350	1
187661	1
187987	1
188336	1
188685	1
189007	1
189359	1
189762	1
190121	1
190472	1
190823	1
191167	1
191483	1
191819	1
192173	1
192506	1
192834	1
193164	1
193523	1
193865	1
194216	1
194572	1
194915	1
195241	1
195579	1
195912	1
196239	1
196555	1
196873	1
197208	1
197534	1
197848	1
198184	1
198531	1
198889	1
199214	1
199556	1
199923	1
200256	1
200578	1
200908	1
201223	1
201539	1
201874	1
202232	1
202569	1
202909	1
203287	1
203626	1
203944	1
204282	1
204628	1
204963	1
205286	1
205635	1
205986	1
206296	1
206625	1
206960	1
207279	1
207588	1
207918	1
208291	1
208619	1
208927	1
209299	1
209676	1
210004	1
210323	1
210675	1
211020	1
211333	1
211655	1
211990	1
212311	1
212612	1
212921	1
213256	1
213584	1
213882	1
214201	1
214550	1
214869	1
215169	1
215481	1
215808	1
216120	1
216418	1
216722	1
217090	1
217413	1
217714	1
218040	1
218373	1
218691	1
218989	1
219308	1
219671	1
220007	1
220311	1
220631	1
220977	1
221289	1
221590	1
221930	1
222294	1
222610	1
222911	1
223231	1
223614	1
223952	1
224300	1
224683	1
225032	1
225337	1
225683	1
226038	1
226366	1
226676	1
227001	1
227358	1
227677	1
227983	1
228303	1
228615	1
228922	1
229231	1
229565	1
229881	1
230196	1
230498	1
230791	1
231083	1
231409	1
231739	1
232040	1
232344	1
232681	1
232998	1
233300	1
233623	1
233973	1
234300	1
234604	1
234934	1
235302	1
235632	1
235938	1
236293	1
236662	1
236991	1
237300	1
237655	1
238001	1
238310	1
238632	1
238983	1
239321	1
239629	1
239953	1
240309	1
240629	1
240933	1
241261	1
241609	1
241934	1
242236	1
242549	1
242910	1
243235	1
243541	1
243874	1
244203	1
244513	1
244809	1
245125	1
245470	1
245784	1
246076	1
246395	1
246706	1
247017	1
247304	1
247616	1
247940	1
248247	1
248544	1
248865	1
249209	1
249528	1
249835	1
250177	1
250540	1
250863	1
251199	1
251539	1
251880	1
252197	1
252511	1
252866	1
253227	1
253542	1
253911	1
254292	1
254627	1
254946	1
255270	1
255625	1
255940	1
256273	1
256679	1
257065	1
257401	1
257742	1
258109	1
258428	1
258734	1
259048	1
259366	1
259679	1
260004	1
260335	1
260663	1
260989	1
261337	1
261730	1
262080	1
262416	1
262741	1
263055	1
263367	1
263683	1
263992	1
264306	1
264603	1
264915	1
265244	1
265563	1
265872	1
266187	1
266493	1
266788	1
267081	1
267402	1
267752	1
268066	1
268416	1
268843	1
269203	1
269554	1
269923	1
270277	1
270594	1
270928	1
271292	1
271624	1
271930	1
272275	1
272664	1
273015	1
273334	1
273683	1
274052	1
274386	1
274707	1
275048	1
275419	1
275746	1
276066	1
276414	1
276762	1
277072	1
277410	1
277771	1
278112	1
278427	1
278759	1
279107	1
279411	1
279704	1
280005	1
280322	1
280621	1
280911	1
281224	1
281559	1
281864	1
282153	1
282470	1
282805	1
283120	1
283418	1
283748	1
284126	1
284443	1
284770	1
285105	1
285427	1
285730	1
286042	1
286360	1
286677	1
286979	1
287280	1
287623	1
287945	1
288256	1
288575	1
288906	1
289230	1
289534	1
289898	1
290292	1
290649	1
290998	1
291349	1
291706	1
292022	1
292347	1
292701	1
293058	1
293388	1
293739	1
294121	1
294474	1
294793	1
295142	1
295495	1
295835	1
296144	1
296461	1
296813	1
297133	1
297434	1
297757	1
298110	1
298462	1
298776	1
299115	1
299466	1
299780	1
300088	1
300411	1
300744	1
301062	1
301378	1
301708	1
302053	1
302367	1
302692	1
303090	1
303469	1
303805	1
304137	1
304474	1
304807	1
305110	1
305452	1
305810	1
306159	1
306469	1
306791	1
307136	1
307491	1
307800	1
308124	1
308458	1
308799	1
309108	1
309418	1
309762	1
310089	1
310387	1
310710	1
311043	1
311367	1
311669	1
311970	1
312280	1
312596	1
312887	1
313187	1
313513	1
313866	1
314183	1
314543	1
314992	1
315361	1
315739	1
316121	1
316499	1
316847	1
317205	1
317578	1
317917	1
318247	1
318596	1
318945	1
319260	1
319581	1
319944	1
320294	1
320610	1
320967	1
321343	1
321693	1
322003	1
322344	1
322735	1
323072	1
323399	1
323764	1
324120	1
324438	1
324736	1
325076	1
325412	1
325714	1
326014	1
326319	1
326628	1
326925	1
327218	1
327538	1
327928	1
328258	1
328634	1
329039	1
329408	1
329730	1
330074	1
330458	1
330774	1
331088	1
331422	1
331755	1
332062	1
332393	1
332740	1
333078	1
333386	1
333707	1
334034	1
334356	1
334670	1
335002	1
335391	1
335729	1
336045	1
336375	1
336710	1
337030	1
337338	1
337687	1
338050	1
338371	1
338679	1
339023	1
339378	1
339706	1
340017	1
340381	1
340773	1
341099	1
341411	1
341731	1
342041	1
342353	1
342668	1
343026	1
343382	1
343693	1
344043	1
344460	1
344820	1
345156	1
345531	1
345910	1
346231	1
346554	1
346884	1
347227	1
347542	1
347872	1
348218	1
348573	1
348888	1
349213	1
349595	1
349979	1
350303	1
350631	1
350966	1
351279	1
351570	1
351892	1
352219	1
352536	1
352829	1
353148	1
353482	1
353811	1
354112	1
354440	1
354795	1
355148	1
355457	1
355789	1
356140	1
356449	1
356742	1
357048	1
357356	1
357662	1
357953	1
358250	1
358551	1
358854	1
359145	1
359444	1
359762	1
360085	1
360391	1
360708	1
361044	1
361378	1
361691	1
362029	1
362438	1
362792	1
363130	1
363478	1
363809	1
364111	1
364434	1
364790	1
365106	1
365420	1
365742	1
366083	1
366403	1
366709	1
367028	1
367365	1
367682	1
367988	1
368301	1
368629	1
368973	1
369286	1
369602	1
369927	1
370247	1
370554	1
370872	1
371196	1
371524	1
371834	1
372189	1
372532	1
372865	1
373185	1
373509	1
373836	1
374182	1
374491	1
374815	1
375163	1
375551	1
375895	1
376253	1
376633	1
376967	1
377272	1
377591	1
377935	1
378273	1
378587	1
378893	1
379208	1
379517	1
379812	1
380121	1
380436	1
380747	1
381046	1
381359	1
381696	1
382026	1
382326	1
382633	1
382956	1
383268	1
383568	1
383875	1
384177	1
384477	1
384776	1
385064	1
385375	1
385670	1
385994	1
386324	1
386678	1
387028	1
387398	1
387834	1
388195	1
388523	1
388836	1
389137	1
389445	1
389757	1
390070	1
390392	1
390701	1
391053	1
391499	1
391879	1
392291	1
392686	1
393060	1
393432	1
393797	1
394125	1
394443	1
394763	1
395068	1
395370	1
395695	1
396032	1
396359	1
396726	1
397121	1
397460	1
397801	1
398196	1
398538	1
398868	1
399199	1
399531	1
399851	1
400180	1
400513	1
400834	1
401144	1
401498	1
401842	1
402170	1
402494	1
402848	1
403228	1
403560	1
403902	1
404241	1
404556	1
404872	1
405228	1
405613	1
405989	1
406319	1
406665	1
407023	1
407349	1
407667	1
407985	1
408319	1
408632	1
408949	1
409300	1
409648	1
409961	1
410290	1
410614	1
410942	1
411241	1
411551	1
411860	1
412183	1
412497	1
412813	1
413146	1
413476	1
413793	1
414120	1
414448	1
414759	1
415064	1
415398	1
415741	1
416045	1
416345	1
416645	1
416977	1
417278	1
417570	1
417882	1
418178	1
418459	1
418753	1
419037	1
419340	1
419627	1
419913	1
420221	1
420530	1
420831	1
421135	1
421479	1
421810	1
422124	1
422439	1
422760	1
423076	1
423385	1
423700	1
424043	1
424363	1
424693	1
425029	1
425386	1
425698	1
426008	1
426334	1
426640	1
426959	1
427332	1
427665	1
428011	1
428412	1
428777	1
429106	1
429459	1
429836	1
430166	1
430476	1
430793	1
431111	1
431409	1
431704	1
432019	1
432356	1
432668	1
432977	1
433311	1
433649	1
433950	1
434257	1
434568	1
434877	1
435172	1
435481	1
435845	1
436193	1
436510	1
436858	1
437224	1
437550	1
437853	1
438176	1
438516	1
438822	1
439118	1
439444	1
439796	1
440123	1
440432	1
440801	1
441217	1
441566	1
441890	1
442215	1
442540	1
442852	1
443147	1
443474	1
443822	1
444169	1
444486	1
444844	1
445242	1
445578	1
445911	1
446248	1
446587	1
446884	1
447179	1
447470	1
447756	1
448041	1
448316	1
448615	1
448934	1
449238	1
449571	1
449969	1
450348	1
450689	1
451080	1
451480	1
451829	1
452187	1
452553	1
452878	1
453179	1
453480	1
453812	1
454109	1
454406	1
454713	1
455040	1
455344	1
455637	1
455930	1
456261	1
456564	1
456856	1
457155	1
457467	1
457789	1
458092	1
458405	1
458742	1
459064	1
459358	1
459646	1
459939	1
460230	1
460528	1
460821	1
461112	1
461417	1
461718	1
462031	1
462337	1
462639	1
462948	1
463256	1
463571	1
463877	1
464021	14
464173	1
464463	1
464743	1
465019	1
465299	1
465579	1
465850	1
466115	1
466388	1
466661	1
466925	1
467185	1
467353	14
467448	1
467713	1
467983	1
468259	1
468522	1
468787	1
469061	1
469329	1
469598	1
469863	1
470139	1
470419	1
470701	1
470975	1
471272	1
471624	1
472014	1
472411	1
472788	1
473168	1
473508	1
473849	1
474210	1
474551	1
474876	1
475179	1
475491	1
475815	1
476149	1
476453	1
476779	1
477125	1
477446	1
477750	1
478053	1
478376	1
478690	1
478973	1
479263	1
479563	1
479858	1
480141	1
480442	1
480752	1
481046	1
481349	1
481664	1
481986	1
482295	1
482669	1
483066	1
483408	1
483760	1
484133	1
484504	1
484833	1
485147	1
485461	1
485799	1
486119	1
486424	1
486735	1
487067	1
487397	1
487712	1
488057	1
488431	1
488766	1
489082	1
489385	1
489698	1
489997	1
490307	1
490646	1
490965	1
491277	1
491607	1
491971	1
492318	1
492626	1
492948	1
493291	1
493600	1
493909	1
494226	1
494552	1
494871	1
495212	1
495630	1
496009	1
496382	1
496738	1
497078	1
497406	1
497720	1
498017	1
498314	1
498614	1
498925	1
499225	1
499517	1
499846	1
500186	1
500493	1
500800	1
501117	1
501453	1
501759	1
502051	1
502352	1
502659	1
502946	1
503231	1
503525	1
503830	1
504129	1
504416	1
504720	1
505052	1
505357	1
505654	1
505970	1
506278	1
506578	1
506886	1
507200	1
507512	1
507812	1
508136	1
508449	1
508762	1
509105	1
509550	1
509924	1
510323	1
510697	1
511075	1
511464	1
511840	1
512207	1
512552	1
512930	1
513308	1
513648	1
514023	1
514393	1
514726	1
515038	1
515360	1
515657	1
515942	1
516241	1
516560	1
516859	1
517146	1
517441	1
517729	1
518018	1
518201	16
518298	1
518571	1
518846	1
519125	1
519423	1
519712	1
519995	1
520294	1
520626	1
520922	1
521235	1
521597	1
521986	1
522312	1
522654	1
523012	1
523354	1
523657	1
523971	1
524310	1
524695	1
525063	1
525379	1
525716	1
526124	1
526507	1
526850	1
527187	1
527529	1
527873	1
528191	1
528494	1
528808	1
529157	1
529497	1
529819	1
530163	1
530598	1
530971	1
531334	1
531693	1
532042	1
532369	1
532677	1
532983	1
533306	1
533605	1
533928	1
534259	1
534635	1
534992	1
535398	1
535801	1
536172	1
536570	1
536952	1
537308	1
537684	1
538033	1
538382	1
538701	1
539012	1
539312	1
539611	1
539941	1
540298	1
540619	1
540977	1
541306	1
541606	1
541907	1
542228	1
542593	1
542898	1
543199	1
543561	1
543916	1
544260	1
544676	1
545075	1
545424	1
545760	1
546113	1
546423	1
546720	1
547032	1
547330	1
547632	1
547956	1
548284	1
548611	1
548913	1
549226	1
549554	1
549876	1
550180	1
550523	1
550829	1
551122	1
551416	1
551704	1
551987	1
552282	1
552570	1
552902	1
553244	1
553558	1
553880	1
554307	1
554709	1
555067	1
555452	1
555834	1
556185	1
556568	1
556941	1
557301	1
557695	1
558108	1
558471	1
558872	1
559259	1
559623	1
560019	1
560396	1
560755	1
561128	1
561506	1
561851	1
562181	1
562513	1
562822	1
563125	1
563425	1
563743	1
564065	1
564361	1
564660	1
564966	1
565275	1
565573	1
565864	1
566146	1
566434	1
566728	1
567015	1
567308	1
567625	1
567926	1
568233	1
568551	1
568893	1
569240	1
569552	1
569883	1
570236	1
570669	1
571021	1
571329	1
571662	1
571979	1
572295	1
572605	1
572899	1
573226	1
573563	1
573886	1
574198	1
574506	1
574829	1
575177	1
575491	1
575802	1
576126	1
576446	1
576769	1
577069	1
577358	1
577653	1
577950	1
578241	1
578532	1
578831	1
579139	1
579454	1
579758	1
580072	1
580529	1
580954	1
581359	1
581731	1
582124	1
582502	1
582868	1
583246	1
583608	1
583674	16
583779	16
583956	1
584331	1
584712	1
585071	1
585451	1
585804	16
585815	1
586160	1
586494	1
586837	1
587157	1
587484	1
587919	1
588064	16
588284	1
588712	1
589085	1
589476	1
589864	1
590260	1
590658	1
591016	1
591339	1
591345	16
591633	1
591904	1
592177	1
592446	1
592708	1
592961	1
593217	1
593475	1
593732	1
593998	1
594250	1
594519	1
594806	1
595099	1
595372	1
595648	1
595944	1
596252	1
596556	1
596841	1
597132	1
597452	1
597776	1
598089	1
598394	1
598716	1
599187	1
599558	1
599961	1
600409	1
600816	1
601197	1
601609	1
601983	1
602344	1
602751	1
603132	1
603485	1
603883	1
604312	1
604692	1
605126	1
605521	1
605905	1
606310	1
606679	1
607062	1
607449	1
607806	1
608162	1
608542	1
608902	1
609253	1
609644	1
610074	1
610489	1
610871	1
611258	1
611666	1
612024	1
612347	1
612695	1
613111	1
613506	1
613918	1
614299	1
614689	1
615050	1
615425	1
615789	1
616125	1
616419	1
616738	1
617077	1
617374	1
617672	1
617986	1
618295	1
618587	1
618890	1
619192	1
619490	1
619775	1
620054	1
620351	1
620656	1
620961	1
621239	1
621525	1
621817	1
622116	1
622414	1
622698	1
623003	1
623312	1
623609	1
623915	1
624202	1
624500	1
624791	1
625090	1
625393	1
625693	1
625991	1
626300	1
626610	1
626911	1
627211	1
627509	1
627811	1
628126	1
628419	1
628706	1
629010	1
629316	1
629624	1
629922	1
630218	1
630533	1
630857	1
631162	1
631454	1
631772	1
632107	1
632446	1
632777	1
633231	1
633635	1
634011	1
634422	1
634798	1
635188	1
635582	1
635949	1
636311	1
636677	1
637029	1
637418	1
637799	1
638155	1
638553	1
638908	1
639254	1
639627	1
640012	1
640363	1
640769	1
641132	1
641512	1
641890	1
642234	1
642598	1
642961	1
643302	1
643613	1
643916	1
644215	1
644506	1
644791	1
645094	1
645387	1
645677	1
645968	1
646249	1
646533	1
646829	1
647110	1
647395	1
647673	1
647939	1
648199	1
648472	1
648752	1
649055	1
649357	1
649647	1
649955	1
