108184	1
108462	1
108743	1
109023	1
109312	1
109589	1
109866	1
110153	1
110431	1
110699	1
110976	1
111249	1
111530	1
111805	1
112079	1
112361	1
112639	1
112913	1
113185	1
113457	1
113735	1
114003	1
114273	1
114547	1
114820	1
115084	1
115355	1
115632	1
115910	1
116183	1
116458	1
116737	1
117008	1
117283	1
117550	1
117816	1
118093	1
118357	1
118620	1
118894	1
119161	1
119423	1
119689	1
119954	1
120227	1
120494	1
120758	1
121030	1
121302	1
121570	1
121836	1
122105	1
122381	1
122645	1
122911	1
123185	1
123453	1
123714	1
123981	1
124249	1
124520	1
124787	1
125052	1
125328	1
125598	1
125781	5
126132	1
126399	1
126672	1
126935	1
127199	1
127472	1
127739	1
128002	1
128276	1
128546	1
128819	1
129093	1
129363	1
129639	1
129911	1
130180	1
130453	1
130721	1
130997	1
131273	1
131543	1
131820	1
132021	5
132355	1
132629	1
132898	1
133170	1
133441	1
133708	1
133985	1
134257	1
134525	1
134698	5
135063	1
135336	1
135609	1
135877	1
136148	1
136420	1
136688	1
136962	1
137226	1
137493	1
137771	1
138035	1
138303	1
138577	1
138849	1
139108	1
139375	1
139641	1
139912	1
140177	1
140442	1
140715	1
140895	5
141247	1
141517	1
141786	1
142061	1
142329	1
142598	1
142880	1
143153	1
143420	1
143693	1
143963	1
144238	1
144509	1
144776	1
145053	1
145317	1
145578	1
145845	1
146109	1
146377	1
146644	1
146907	1
147178	1
147447	1
147706	1
147979	1
148244	1
148514	1
148791	1
148981	5
149333	1
149604	1
149874	1
150063	5
150407	1
150680	1
150950	1
151217	1
151493	1
151766	1
152031	1
152303	1
152569	1
152748	5
153107	1
153374	1
153643	1
153822	5
154166	1
154433	1
154693	1
154955	1
155226	1
155488	1
155762	1
156041	1
156312	1
156504	5
156854	1
157120	1
157394	1
157660	1
157922	1
158189	1
158455	1
158715	1
158976	1
159239	1
159509	1
159766	1
160031	1
160304	1
160568	1
160828	1
161093	1
161353	1
161617	1
161883	1
162140	1
162409	1
162672	1
162932	1
163198	1
163464	1
163734	1
164002	1
164269	1
164541	1
164810	1
164994	5
165338	1
165600	1
165859	1
166127	1
166383	1
166640	1
166907	1
167169	1
167425	1
167689	1
167950	1
168133	5
168479	1
168744	1
169014	1
169276	1
169534	1
169740	5
170058	1
170319	1
170588	1
170840	1
171100	1
171366	1
171625	1
171883	1
172145	1
172408	1
172674	1
172939	1
173204	1
173392	5
173742	1
174004	1
174268	1
174528	1
174797	1
175060	1
175320	1
175588	1
175853	1
176113	1
176381	1
176559	5
176907	1
177179	1
177442	1
177711	1
177977	1
178243	1
178507	1
178702	5
179034	1
179306	1
179565	1
179827	1
180097	1
180357	1
180622	1
180886	1
181147	1
181336	5
181686	1
181952	1
182224	1
182496	1
182760	1
183029	1
183302	1
183485	5
183852	1
184124	1
184408	1
184593	5
184950	1
185223	1
185493	1
185768	1
186040	1
186312	1
186585	1
186859	1
187122	1
187388	1
187658	1
187931	1
188193	1
188456	1
188730	1
188996	1
189260	1
189527	1
189791	1
190064	1
190332	1
190510	5
190870	1
191139	1
191398	1
191662	1
191923	1
192195	1
192456	1
192717	1
192990	1
193255	1
193513	1
193783	1
194048	1
194311	1
194585	1
194850	1
195118	1
195388	1
195655	1
195847	5
196182	1
196454	1
196718	1
196982	1
197245	1
197513	1
197779	1
198043	1
198307	1
198569	1
198842	1
199108	1
199374	1
199557	5
199914	1
200175	1
200443	1
200707	1
200972	1
201235	1
201498	1
201768	1
202032	1
202298	1
202570	1
202836	1
203109	1
203384	1
203655	1
203836	5
204207	1
204480	1
204757	1
205030	1
205303	1
205485	5
205853	1
206137	1
206349	5
206688	1
206965	1
207237	1
207513	1
207791	1
208065	1
208350	1
208526	5
208898	1
209179	1
209456	1
209636	5
210004	1
210278	1
210555	1
210744	5
211094	1
211364	1
211633	1
211909	1
212175	1
212439	1
212716	1
212977	1
213236	1
213418	5
213764	1
214029	1
214293	1
214553	1
214822	1
215086	1
215344	1
215526	5
215870	1
216140	1
216407	1
216672	1
216942	1
217212	1
217479	1
217660	5
218031	1
218313	1
218527	5
218661	5
219051	1
219340	1
219623	1
219806	5
220176	1
220465	1
220751	1
220932	5
221315	1
221594	1
221865	1
222042	5
222413	1
222687	1
222962	1
223236	1
223521	1
223801	1
224080	1
224370	1
224653	1
224947	1
225232	1
225517	1
225809	1
226089	1
226365	1
226646	1
226913	1
227192	1
227460	1
227723	1
228000	1
228269	1
228532	1
228802	1
229074	1
229265	5
229621	1
229890	1
230167	1
230437	1
230699	1
230970	1
231235	1
231514	1
231789	1
232060	1
232347	1
232525	5
232901	1
233182	1
233465	1
233651	5
234026	1
234307	1
234592	1
234873	1
235146	1
235427	1
235707	1
236000	1
236278	1
236564	1
236857	1
237140	1
237420	1
237700	1
237976	1
238260	1
238538	1
238814	1
239090	1
239272	5
239638	1
239910	1
240186	1
240461	1
240731	1
241013	1
241285	1
241557	1
241835	1
242111	1
242391	1
242670	1
242850	5
243223	1
243497	1
243768	1
244043	1
244309	1
244490	5
244850	1
245117	1
245391	1
245659	1
245921	1
246192	1
246462	1
246736	1
247013	1
247287	1
247563	1
247842	1
248113	1
248387	1
248662	1
248841	5
249208	1
249482	1
249765	1
250035	1
250303	1
250580	1
250853	1
251137	1
251412	1
251589	5
251959	1
252235	1
252499	1
252771	1
253040	1
253313	1
253586	1
253857	1
254141	1
254419	1
254693	1
254975	1
255257	1
255549	1
255828	1
256110	1
256400	1
256683	1
256964	1
257243	1
257524	1
257809	1
258088	1
258372	1
258652	1
258933	1
259212	1
259487	1
259664	5
260049	1
260324	1
260601	1
260882	1
261156	1
261334	5
261705	1
261978	1
262260	1
262534	1
262812	1
262990	5
263364	1
263645	1
263920	1
264106	5
264479	1
264756	1
265041	1
265318	1
265592	1
265875	1
266159	1
266445	1
266737	1
267028	1
267321	1
267612	1
267904	1
268188	1
268477	1
268771	1
269050	1
269334	1
269623	1
269899	1
270182	1
270463	1
270745	1
271029	1
271311	1
271600	1
271883	1
272166	1
272451	1
272739	1
273033	1
273240	5
273593	1
273885	1
274166	1
274441	1
274719	1
274999	1
275283	1
275564	1
275852	1
276134	1
276413	1
276702	1
276983	1
277274	1
277556	1
277831	1
278124	1
278407	1
278680	1
278961	1
279241	1
279527	1
279804	1
280084	1
280364	1
280643	1
280920	1
281190	1
281471	1
281753	1
282022	1
282192	5
282573	1
282842	1
283118	1
283388	1
283655	1
283930	1
284204	1
284473	1
284748	1
285022	1
285297	1
285570	1
285851	1
286132	1
286406	1
286691	1
286969	1
287145	5
287522	1
287796	1
288069	1
288351	1
288629	1
288905	1
289190	1
289470	1
289748	1
290032	1
290317	1
290599	1
290878	1
291167	1
291449	1
291724	1
292009	1
292287	1
292567	1
292850	1
293131	1
293420	1
293703	1
293982	1
294268	1
294552	1
294840	1
295120	1
295400	1
295687	1
295970	1
296244	1
296520	1
296797	1
297082	1
297357	1
297636	1
297918	1
298199	1
298480	1
298760	1
298940	8
299280	1
299568	1
299754	5
300132	1
300409	1
300689	1
300963	1
301242	1
301525	1
301802	1
302092	1
302281	5
302646	1
302933	1
303212	1
303497	1
303775	1
304054	1
304338	1
304621	1
304899	1
305175	1
305457	1
305742	1
306021	1
306308	1
306596	1
306874	1
307162	1
307449	1
307733	1
308017	1
308300	1
308585	1
308868	1
309143	1
309418	1
309695	1
309979	1
310253	1
310525	1
310810	1
311084	1
311355	1
311633	1
311905	1
312184	1
312455	1
312728	1
313003	1
313276	1
313546	1
313812	1
314082	1
314359	1
314628	1
314894	1
315174	1
315448	1
315716	1
315994	1
316272	1
316554	1
316830	1
317107	1
317389	1
317668	1
317945	1
318219	1
318497	1
318784	1
319059	1
319339	1
319624	1
319904	1
320183	1
320463	1
320743	1
321027	1
321306	1
321587	1
321871	1
322147	1
322425	1
322698	1
322977	1
323255	1
323526	1
323804	1
324078	1
324352	1
324630	1
324903	1
325181	1
325458	1
325731	1
326010	1
326288	1
326558	1
326829	1
327104	1
327381	1
327658	1
327932	1
328216	1
328493	1
328766	1
329051	1
329326	1
329606	1
329886	1
330158	1
330448	1
330728	1
331004	1
331283	1
331563	1
331846	1
332121	1
332402	1
332685	1
332966	1
333249	1
333522	1
333802	1
334080	1
334352	1
334629	1
334906	1
335176	1
335449	1
335725	1
336000	1
336278	1
336554	1
336841	1
337123	1
337398	1
337689	1
337968	1
338254	1
338535	1
338810	1
339096	1
339377	1
339648	1
339923	1
340202	1
340482	1
340755	1
341035	1
341312	1
341588	1
341763	5
342130	1
342407	1
342684	1
342952	1
343221	1
343496	1
343764	1
343942	5
344291	1
344558	1
344830	1
345094	1
345361	1
345630	1
345902	1
346172	1
346441	1
346712	1
346992	1
347264	1
347534	1
347817	1
348086	1
348352	1
348626	1
348901	1
349180	1
349454	1
349729	1
350010	1
350288	1
350562	1
350836	1
351109	1
351386	1
351656	1
351924	1
352204	1
352470	1
352646	5
353001	1
353268	1
353539	1
353805	1
354071	1
354347	1
354618	1
354885	1
355154	1
355424	1
355696	1
355965	1
356229	1
356507	1
356774	1
357035	1
357309	1
357488	5
357846	1
358121	1
358390	1
358666	1
358937	1
359205	1
359476	1
359743	1
360015	1
360124	14
360251	1
360550	1
360826	1
361094	1
361268	14
361356	1
361630	1
361897	1
362171	1
362443	1
362712	1
362990	1
363265	1
363530	1
363803	1
364075	1
364350	1
364619	1
364886	1
365163	1
365429	1
365690	1
365964	1
366225	1
366498	1
366770	1
367038	1
367318	1
367589	1
367857	1
368131	1
368402	1
368676	1
368942	1
369211	1
369489	1
369760	1
370019	1
370293	1
370562	1
370839	1
371107	1
371373	1
371652	1
371926	1
372191	1
372467	1
372737	1
373011	1
373282	1
373549	1
373830	1
374098	1
374269	5
374636	1
374905	1
375176	1
375444	1
375710	1
375987	1
376259	1
376523	1
376797	1
377071	1
377343	1
377526	5
377885	1
378164	1
378428	1
378690	1
378964	1
379228	1
379498	1
379771	1
380038	1
380310	1
380583	1
380853	1
381122	1
381304	5
381661	1
381935	1
382201	1
382470	1
382737	1
383003	1
383274	1
383533	1
383802	1
384078	1
384344	1
384614	1
384895	1
385074	5
385439	1
385714	1
385984	1
386261	1
386528	1
386797	1
387070	1
387336	1
387601	1
387864	1
388134	1
388410	1
388677	1
388853	5
389222	1
389497	1
389762	1
390032	1
390298	1
390567	1
390835	1
391100	1
391374	1
391643	1
391910	1
392180	1
392449	1
392633	5
392994	1
393264	1
393540	1
393813	1
394079	1
394346	1
394617	1
394894	1
395163	1
395434	1
395712	1
395985	1
396254	1
396525	1
396796	1
397075	1
397339	1
397609	1
397887	1
398161	1
398431	1
398611	5
398966	1
399244	1
399513	1
399780	1
400048	1
400313	1
400580	1
400842	1
401107	1
401378	1
401639	1
401905	1
402176	1
402445	1
402708	1
402975	1
403241	1
403517	1
403788	1
404059	1
404336	1
404610	1
404884	1
405056	5
405429	1
405709	1
405977	1
406250	1
406529	1
406806	1
407077	1
407254	5
407614	1
407895	1
408166	1
408431	1
408706	1
408977	1
409238	1
409504	1
409775	1
409955	5
410313	1
410581	1
410858	1
411128	1
411395	1
411669	1
411937	1
412117	5
412482	1
412749	1
413025	1
413295	1
413559	1
413827	1
414093	1
414363	1
414633	1
414902	1
415178	1
415449	1
415716	1
415992	1
416262	1
416538	1
416815	1
417084	1
417364	1
417635	1
417901	1
418173	1
418442	1
418715	1
418987	1
419257	1
419533	1
419711	5
420067	1
420341	1
420607	1
420881	1
421153	1
421415	1
421688	1
421956	1
422215	1
422484	1
422751	1
423020	1
423286	1
423551	1
423828	1
424096	1
424361	1
424635	1
424901	1
425081	5
425443	1
425708	1
425978	1
426243	1
426503	1
426770	1
427038	1
427308	1
427580	1
427850	1
428130	1
428403	1
428673	1
428952	1
429222	1
429506	1
429783	1
429955	5
430331	1
430606	1
430873	1
431147	1
431415	1
431691	1
431958	1
432226	1
432502	1
432775	1
433042	1
433314	1
433585	1
433763	5
434130	1
434397	1
434676	1
434946	1
435205	1
435474	1
435740	1
436011	1
436277	1
436546	1
436822	1
437002	5
437357	1
437627	1
437892	1
438166	1
438435	1
438697	1
438974	1
439240	1
439504	1
439775	1
440043	1
440311	1
440583	1
440849	1
441119	1
441388	1
441656	1
441924	1
442184	1
442452	1
442725	1
442986	1
443251	1
443520	1
443785	1
444048	1
444314	1
444576	1
444846	1
445110	1
445376	1
445650	1
445921	1
446184	1
446447	1
446713	1
446981	1
447244	1
447505	1
447778	1
448040	1
448297	1
448566	1
448827	1
449094	1
449361	1
449627	1
449898	1
450165	1
450426	1
450692	1
450955	1
451218	1
451484	1
451743	1
452010	1
452270	1
452531	1
452795	1
453053	1
453315	1
453584	1
453848	1
454021	5
454379	1
454648	1
454910	1
455170	1
455434	1
455700	1
455959	1
456220	1
456484	1
456746	1
457005	1
457269	1
457528	1
457706	5
458058	1
458322	1
458592	1
458858	1
459118	1
459380	1
459642	1
459910	1
460172	1
460432	1
460706	1
460882	5
461227	1
461498	1
461761	1
462028	1
462292	1
462557	1
462829	1
463006	5
463352	1
463620	1
463882	1
464145	1
464409	1
464668	1
464935	1
465195	1
465457	1
465630	5
465982	1
466247	1
466513	1
466777	1
467039	1
467309	1
467577	1
467838	1
468099	1
468363	1
468631	1
468891	1
469149	1
469417	1
469679	1
469937	1
470206	1
470468	1
470736	1
471006	1
471269	1
471541	1
471809	1
472071	1
472334	1
472508	5
472860	1
473133	1
473392	1
473659	1
473924	1
474190	1
474460	1
474722	1
474990	1
475260	1
475526	1
475791	1
476067	1
476336	1
476597	1
476865	1
477134	1
477406	1
477673	1
477940	1
478211	1
478386	5
478744	1
479010	1
479277	1
479547	1
479812	1
480077	1
480355	1
480623	1
480884	1
481154	1
481424	1
481697	1
481963	1
482144	5
482498	1
482769	1
483030	1
483299	1
483565	1
483839	1
484108	1
484371	1
484650	1
484918	1
485179	1
485450	1
485722	1
485904	5
486260	1
486526	1
486797	1
487065	1
487328	1
487532	14
487592	1
487855	1
488126	1
488388	1
488586	5
488923	1
489191	1
489452	1
489720	1
489988	1
490260	1
490524	1
490787	1
491057	1
491321	1
491457	14
491580	1
491850	1
492109	1
492377	1
492644	1
492908	1
493185	1
493452	1
493714	1
493985	1
494251	1
494430	5
494786	1
495054	1
495325	1
495586	1
495846	1
496118	1
496377	1
496646	1
496918	1
497181	1
497451	1
497630	5
497985	1
498252	1
498519	1
498779	1
499052	1
499311	1
499573	1
499838	1
500101	1
500365	1
500548	14
500625	1
500886	1
501156	1
501421	1
501686	1
501967	1
502231	1
502494	1
502770	1
503034	1
503304	1
503573	1
503762	14
503841	1
504112	1
504382	1
504649	1
504918	1
505187	1
505376	14
505459	1
505723	1
505996	1
506110	14
506274	1
506540	1
506802	1
507073	1
507338	1
507603	1
507870	1
508133	1
508396	1
508660	1
508921	1
509183	1
509441	1
509704	1
509974	1
510239	1
510513	1
510788	1
511063	1
511337	1
511512	5
511878	1
512156	1
512419	1
512682	1
512954	1
513221	1
513488	1
513750	1
514020	1
514292	1
514556	1
514826	1
515097	1
515365	1
515633	1
515899	1
516167	1
516441	1
516706	1
516876	5
517241	1
517513	1
517781	1
518045	1
518314	1
518587	1
518854	1
519129	1
519401	1
519666	1
519935	1
520198	1
520460	1
520725	1
520980	1
521235	1
521498	1
521762	1
522020	1
522194	5
522538	1
522807	1
523067	1
523326	1
523596	1
523854	1
524104	1
524362	1
524616	1
524874	1
525130	1
525386	1
525646	1
525903	1
526161	1
526424	1
526678	1
526943	1
527209	1
527469	1
527737	1
527927	5
528263	1
528524	1
528781	1
529039	1
529301	1
529557	1
529813	1
530077	1
530337	1
530593	1
530854	1
531114	1
531380	1
531641	1
531905	1
532173	1
532436	1
532701	1
532965	1
533223	1
533483	1
533753	1
534011	1
534267	1
534534	1
534797	1
535055	1
535313	1
535575	1
535839	1
536097	1
536357	1
536626	1
536885	1
537142	1
537407	1
537667	1
537931	1
538189	1
538446	1
538706	1
538964	1
539222	1
539481	1
539739	1
540004	1
540273	1
540539	1
540812	1
541086	1
541361	1
541629	1
541895	1
542088	5
542435	1
542692	1
542948	1
543216	1
543481	1
543740	1
544000	1
544264	1
544531	1
544794	1
545057	1
545324	1
545590	1
545849	1
546115	1
546379	1
546649	1
546911	1
547170	1
547444	1
547709	1
547965	1
548226	1
548490	1
548755	1
549022	1
549285	1
549558	1
549824	1
550082	1
550349	1
550535	5
550879	1
551146	1
551405	1
551676	1
551946	1
552205	1
552475	1
552648	5
553025	1
553298	1
553569	1
553849	1
554118	1
554384	1
554658	1
554925	1
555197	1
555459	1
555721	1
555989	1
556252	1
556506	1
556770	1
557031	1
557295	1
557557	1
557819	1
558082	1
558340	1
558527	5
558671	5
559042	1
559304	1
559572	1
559828	1
560084	1
560350	1
560609	1
560864	1
561128	1
561391	1
561655	1
561925	1
562192	1
562464	1
562727	1
562994	1
563259	1
563518	1
563782	1
563967	5
564309	1
564571	1
564840	1
565103	1
565364	1
565627	1
565888	1
566149	1
566412	1
566607	5
566934	1
567197	1
567448	1
567710	1
567969	1
568234	1
568495	1
568756	1
569024	1
569294	1
569557	1
569826	1
570096	1
570361	1
570635	1
570903	1
571172	1
571440	1
571702	1
571967	1
572227	1
572494	1
572758	1
573017	1
573281	1
573548	1
573808	1
574070	1
574333	1
574508	5
574863	1
575124	1
575384	1
575651	1
575913	1
576170	1
576427	1
576686	1
576952	1
577206	1
577463	1
577733	1
577993	1
578249	1
578514	1
578778	1
579041	1
579307	1
579572	1
579847	1
580115	1
580375	1
580641	1
580903	1
581174	1
581430	1
581684	1
581952	1
582213	1
582466	1
582731	1
582993	1
583255	1
583521	1
583696	5
584049	1
584311	1
584563	1
584820	1
585073	1
585331	1
585594	1
585845	1
586100	1
586365	1
586623	1
586875	1
587134	1
587395	1
587657	1
587919	1
588177	1
588443	1
588703	1
588955	1
589212	1
589470	1
589728	1
589989	1
590241	1
590495	1
590754	1
591005	1
591257	1
591508	1
591757	1
592012	1
592268	1
592515	1
592773	1
593025	1
593276	1
593528	1
593779	1
594035	1
594294	1
594543	1
594796	1
595059	1
595313	1
595567	1
595824	1
596080	1
596339	1
596600	1
596858	1
597120	1
597381	1
597639	1
597899	1
598156	1
598418	1
598681	1
598935	1
599188	1
599454	1
599709	1
599962	1
600217	1
600471	1
600733	1
600990	1
601245	1
601510	1
601764	1
602015	1
602272	1
602523	1
602779	1
603034	1
603285	1
603540	1
603800	1
604054	1
604307	1
604564	1
604820	1
605088	1
605350	1
605606	1
605871	1
606134	1
606388	1
606649	1
606908	1
607169	1
607422	1
607675	1
607942	1
608196	1
608444	1
608704	1
608960	1
609214	1
609475	1
609734	1
609996	1
610260	1
610519	1
610779	1
611036	1
611301	1
611567	1
611823	1
612082	1
612348	1
612607	1
612866	1
613124	1
613383	1
613646	1
613904	1
614161	1
614425	1
614687	1
614939	1
615197	1
615453	1
615713	1
615968	1
616224	1
616486	1
616744	1
616998	1
617259	1
617515	1
617765	1
618027	1
618282	1
618536	1
618795	1
619055	1
619302	1
619557	1
619814	1
620080	1
620334	1
620590	1
620850	1
621108	1
621360	1
621617	1
621870	1
622127	1
622389	1
622646	1
622903	1
623169	1
623436	1
623692	1
623956	1
624219	1
624486	1
624746	1
624920	5
625271	1
625531	1
625785	1
626047	1
626303	1
626561	1
626826	1
627085	1
627349	1
627613	1
627873	1
628133	1
628392	1
628655	1
628918	1
629173	1
629430	1
629693	1
629950	1
630207	1
630466	1
630722	1
630986	1
631245	1
631504	1
631773	1
632033	1
632285	1
632547	1
632802	1
633058	1
633312	1
633569	1
633831	1
634091	1
634349	1
634609	1
634866	1
635127	1
635396	1
635653	1
635917	1
636188	1
636454	1
636714	1
636976	1
637239	1
637503	1
637760	1
638020	1
638280	1
638536	1
638792	1
639048	1
639303	1
639567	1
639830	1
640088	1
640355	1
640621	1
640875	1
641137	1
641394	1
641658	1
641917	1
642177	1
642447	1
642706	1
642963	1
643228	1
643488	1
643748	1
644013	1
644272	1
644537	1
644801	1
645055	1
645311	1
645567	1
645826	1
646090	1
646338	1
646594	1
646856	1
647113	1
647367	1
647623	1
647879	1
648143	1
648404	1
648662	1
648932	1
649191	1
649442	1
649701	1
649957	1
