108189	5
108572	7
108933	7
109279	7
109492	5
109884	7
110246	7
110593	7
110956	7
111314	7
111682	7
111960	28
112071	6
112445	5
112820	5
113180	5
113547	5
113913	5
114287	5
114655	5
115037	5
115412	5
115783	5
116173	5
116550	5
116937	5
117319	5
117705	5
118105	5
118495	5
118918	5
119315	6
119599	28
119705	7
120091	7
120464	7
120854	7
121231	7
121618	7
121880	28
122008	3
122394	3
122777	3
123151	3
123530	3
123921	3
124318	3
124707	3
125103	3
125474	3
125859	3
126239	3
126626	3
127013	3
127386	3
127776	3
128158	3
128538	3
128927	3
129309	3
129687	3
130066	3
130444	3
130827	3
131206	3
131589	3
131991	3
132374	3
132779	3
133156	3
133556	3
133943	3
134353	3
134745	3
135162	3
135562	3
135962	3
136370	3
136771	3
137175	3
137560	3
137955	3
138352	3
138749	3
139144	3
139527	3
139900	3
140300	3
140700	3
141104	3
141502	3
141897	3
142299	3
142685	3
143097	3
143491	3
143909	3
144313	3
144743	3
145151	3
145565	3
145963	3
146390	3
146795	3
147218	3
147615	3
148026	3
148415	3
148821	3
149209	3
149613	3
150009	3
150414	3
150843	3
151247	3
151649	3
152045	3
152443	3
152824	3
153207	3
153595	3
153989	3
154372	3
154769	3
155156	3
155562	3
155958	3
156369	3
156778	3
157175	3
157569	3
157981	3
158387	3
158796	3
159194	3
159593	3
160001	3
160347	8
160815	3
161235	3
161653	3
162070	3
162482	3
162891	3
163297	3
163696	3
164109	3
164503	3
164924	3
165326	3
165750	3
166179	3
166605	3
167027	3
167457	3
167859	3
168285	3
168692	3
169131	3
169534	3
169961	3
170368	3
170788	3
171190	3
171615	3
172019	3
172431	3
172831	3
173240	3
173635	3
174032	3
174426	3
174820	3
175219	3
175601	3
175997	3
176377	3
176766	3
177152	3
177554	3
177958	3
178375	3
178797	3
179206	3
179621	3
180038	3
180464	3
180896	3
181320	3
181734	3
182171	3
182588	3
183030	3
183458	3
183896	3
184323	3
184765	3
185197	3
185638	3
186066	3
186495	3
186911	3
187327	3
187744	3
188182	3
188600	3
189050	3
189479	3
189889	3
190317	3
190719	3
191123	3
191498	3
191888	3
192314	3
192707	3
193119	3
193515	3
193913	3
194300	3
194654	3
195045	3
195418	3
195784	3
196166	3
196530	3
196908	3
197279	3
197641	3
197744	14
198024	3
198403	3
198766	3
199151	3
199531	3
199880	3
200243	3
200595	3
200963	3
201352	3
201748	3
202140	3
202433	14
202548	3
202945	3
203346	3
203752	3
204155	3
204566	3
204973	3
205382	3
205795	3
206202	3
206614	3
207015	3
207414	3
207813	3
208218	3
208624	3
209023	3
209426	3
209818	3
210233	3
210631	3
211044	3
211434	3
211834	3
212233	3
212628	3
213021	3
213402	3
213799	3
214207	3
214604	3
215006	3
215405	3
215782	3
216189	3
216572	3
216985	3
217369	3
217763	3
218161	3
218551	3
218947	3
219335	3
219720	3
219980	5
220482	11
220873	3
221263	3
221538	5
222007	11
222404	3
222813	3
223198	3
223585	3
223966	3
224363	3
224751	3
225155	3
225541	3
225935	3
226329	3
226633	28
226731	6
227138	6
227537	5
227934	5
228327	5
228740	5
229152	5
229552	6
229840	28
229955	3
230361	3
230750	3
231152	3
231531	3
231927	3
232320	3
232720	3
233117	3
233501	3
233892	3
234277	3
234678	3
235072	3
235472	3
235851	3
236258	3
236643	3
237055	3
237446	3
237846	3
238247	3
238651	3
239055	3
239456	3
239857	3
240272	3
240682	3
241094	3
241498	3
241916	3
242334	3
242754	3
243170	3
243580	3
244013	3
244443	3
244872	3
245281	3
245693	3
246113	3
246507	3
246910	3
247282	3
247677	3
248065	3
248451	3
248865	3
249244	3
249646	3
250046	3
250444	3
250852	3
251228	3
251626	3
252009	3
252400	3
252796	3
253177	3
253569	3
253970	3
254382	3
254774	3
255174	3
255555	3
255950	3
256338	3
256740	3
257140	3
257548	3
257948	3
258371	3
258787	3
259202	3
259606	3
260031	3
260427	3
260840	3
261232	3
261636	3
262045	3
262446	3
262856	3
263246	3
263645	3
264044	3
264447	3
264851	3
265256	3
265656	3
266075	3
266464	3
266880	3
267266	3
267668	3
268068	3
268466	3
268876	3
269282	3
269687	3
270094	3
270503	3
270911	3
271323	3
271716	3
272138	3
272541	3
272964	3
273362	3
273767	3
274176	3
274594	3
275019	3
275424	3
275834	3
276245	3
276655	3
277062	3
277467	3
277873	3
278283	3
278688	3
279101	3
279496	3
279901	3
280298	3
280704	3
281096	3
281489	3
281880	3
282298	3
282708	3
283120	3
283523	3
283929	3
284348	3
284757	3
285173	3
285572	3
285991	3
286397	3
286816	3
287216	3
287657	3
288089	3
288502	3
288912	3
289321	3
289720	3
290129	3
290530	3
290953	3
291364	3
291761	3
292190	3
292601	3
293032	3
293437	3
293837	3
294239	3
294659	3
295067	3
295489	3
295900	3
296152	5
296721	3
297135	3
297551	3
297979	3
298374	3
298791	3
299185	3
299594	3
300006	3
300412	3
300846	3
301274	3
301701	3
302119	3
302540	3
302948	3
303358	3
303746	3
304148	3
304540	3
304936	3
305334	3
305726	3
306146	3
306543	3
306970	3
307369	3
307778	3
308192	3
308606	3
309024	3
309423	3
309830	3
310247	3
310672	3
311093	3
311499	3
311909	3
312314	3
312738	3
313142	3
313561	3
313973	3
314396	3
314818	3
315239	3
315644	3
316066	3
316486	3
316912	3
317335	3
317739	3
318175	3
318590	3
319020	3
319426	3
319856	3
320262	3
320691	3
321099	3
321518	3
321933	3
322349	3
322784	3
323190	3
323601	3
324034	3
324454	3
324876	3
325289	3
325700	3
326136	3
326555	3
326977	3
327396	3
327824	3
328234	3
328661	3
329060	3
329467	3
329881	3
330280	3
330693	3
331088	3
331484	3
331870	3
332277	3
332680	3
333078	3
333461	3
333848	3
334249	3
334679	3
335084	3
335507	3
335915	3
336331	3
336744	3
337158	3
337565	3
337930	3
338381	3
338821	3
339243	3
339687	3
340118	3
340543	3
340963	3
341380	3
341792	3
342207	3
342629	3
343030	3
343447	3
343862	3
344281	3
344698	3
345119	3
345541	3
345970	3
346368	3
346801	3
347207	3
347614	3
348031	3
348461	3
348869	3
349287	3
349696	3
350116	3
350537	3
350959	3
351369	3
351802	3
352215	3
352657	3
353094	3
353524	3
353951	3
354370	3
354794	3
355207	3
355613	3
356031	3
356446	3
356868	3
357293	3
357711	3
358130	3
358555	3
358958	3
359214	5
359752	3
360162	3
360603	3
361015	3
361436	3
361857	3
362269	3
362686	3
363104	3
363517	3
363929	3
364324	3
364735	3
365134	3
365543	3
365961	3
366382	3
366799	3
367226	3
367644	3
368073	3
368490	3
368912	3
369326	3
369758	3
370180	3
370617	3
371031	3
371454	3
371881	3
372283	3
372716	3
373132	3
373535	3
373968	3
374403	3
374822	3
375230	3
375654	3
375789	28
375925	5
376479	3
376878	3
377163	5
377710	3
378109	3
378427	5
378957	3
379372	3
379617	5
379901	28
380185	3
380614	3
381020	3
381427	3
381519	28
381798	5
382151	5
382513	5
382859	5
383220	5
383576	5
384040	28
384135	3
384475	5
384969	3
385364	3
385780	3
386181	3
386630	3
387050	3
387466	3
387878	3
388302	3
388721	3
389138	3
389539	3
389969	3
390384	3
390820	3
391237	3
391707	3
392150	3
392592	3
393005	3
393426	3
393834	3
394253	3
394679	3
395105	3
395520	3
395950	3
396364	3
396782	3
397185	3
397599	3
398005	3
398430	3
398838	3
399245	3
399669	3
400071	3
400497	3
400896	3
401329	3
401760	3
402174	3
402608	3
403030	3
403458	3
403891	3
404329	3
404761	3
405188	3
405612	3
406035	3
406478	3
406893	3
407312	3
407735	3
408157	3
408589	3
409015	3
409451	3
409890	3
410328	3
410753	3
411201	3
411647	3
412071	3
412514	3
412942	3
413353	3
413781	3
414190	3
414631	3
415043	3
415467	3
415882	3
416313	3
416724	3
417151	3
417563	3
417978	3
418384	3
418795	3
419191	3
419605	3
420004	3
420418	3
420822	3
421220	3
421629	3
422036	3
422467	3
422889	3
423313	3
423736	3
424164	3
424592	3
425026	3
425444	3
425872	3
426306	3
426733	3
427148	3
427582	3
427991	3
428434	3
428845	3
429261	3
429673	3
430089	3
430496	3
430914	3
431308	3
431724	3
432130	3
432547	3
432933	3
433331	3
433739	3
434163	3
434571	3
434990	3
435402	3
435825	3
436248	3
436669	3
437080	3
437513	3
437915	3
438343	3
438748	3
439004	8
439478	3
439912	3
440353	3
440772	3
441192	3
441611	3
442036	3
442451	3
442864	3
443269	3
443695	3
444111	3
444547	3
444953	3
445377	3
445791	3
446221	3
446619	3
447041	3
447461	3
447884	3
448309	3
448726	3
449126	3
449557	3
449957	3
450383	3
450786	3
451190	3
451600	3
452004	3
452420	3
452818	3
453231	3
453644	3
454064	3
454475	3
454886	3
455293	3
455714	3
456130	3
456550	3
456966	3
457398	3
457810	3
458244	3
458654	3
459071	3
459482	3
459906	3
460337	3
460771	3
461194	3
461625	3
462049	3
462477	3
462892	3
463320	3
463720	3
464151	3
464567	3
464991	3
465418	3
465852	3
466280	3
466700	3
467109	3
467535	3
467967	3
468377	3
468794	3
469214	3
469628	3
470037	3
470451	3
470860	3
471275	3
471684	3
472099	3
472505	3
472909	3
473311	3
473706	3
474100	3
474466	3
474826	3
475174	3
475537	3
475910	3
476272	3
476636	3
477007	3
477381	3
477762	3
478145	3
478521	3
478921	3
479308	3
479692	3
480080	3
480472	3
480861	3
481263	3
481662	3
482078	3
482500	3
482904	3
483337	3
483741	3
484157	3
484546	3
484941	3
485327	3
485717	3
486107	3
486502	3
486881	3
487280	3
487661	3
488054	3
488455	3
488834	3
489244	3
489628	3
490044	3
490428	3
490829	3
491229	3
491617	3
492015	3
492407	3
492794	3
493181	3
493566	3
493961	3
494362	3
494755	3
495165	3
495559	3
495957	3
496369	3
496765	3
497182	3
497564	3
497968	3
498348	3
498741	3
499135	3
499524	3
499919	3
500305	3
500695	3
501080	3
501464	3
501847	3
502228	3
502601	3
502975	3
503350	3
503726	3
504110	3
504489	3
504870	3
505268	3
505409	28
505550	5
506046	3
506419	3
506651	5
507167	3
507542	3
507839	5
508330	3
508699	3
509044	5
509256	28
509468	3
509860	3
510230	3
510611	3
510986	3
511371	3
511753	3
512138	3
512520	3
512914	3
513297	3
513694	3
514075	3
514451	3
514819	3
515206	3
515583	3
515976	3
516345	3
516726	3
517110	3
517493	3
517876	3
518256	3
518622	3
519006	3
519365	3
519751	3
520115	3
520499	3
520881	3
521267	3
521659	3
522040	3
522423	3
522797	3
523179	3
523564	3
523948	3
524326	3
524708	3
525096	3
525489	3
525879	3
526262	3
526637	3
527023	3
527390	3
527771	3
528138	3
528515	3
528906	3
529289	3
529680	3
530061	3
530444	3
530833	3
531217	3
531605	3
531981	3
532353	3
532727	3
533116	3
533502	3
533897	3
534279	3
534652	3
535037	3
535421	3
535810	3
536190	3
536550	3
536931	3
537289	3
537676	3
538040	3
538416	3
538783	3
539155	3
539533	3
539903	3
540254	3
540606	3
540980	3
541351	3
541716	3
542068	3
542425	3
542796	3
543148	3
543459	3
543824	3
544175	3
544531	3
544904	3
545266	3
545625	3
545968	3
546319	3
546679	3
547036	3
547400	3
547779	3
548160	3
548544	3
548948	3
549350	3
549751	3
550139	3
550538	3
550942	3
551362	3
551769	3
552174	3
552575	3
552987	3
553390	3
553788	3
554173	3
554568	3
554960	3
555360	3
555766	3
556148	3
556542	3
556927	3
557324	3
557715	3
558092	3
558480	3
558853	3
559232	3
559618	3
560001	3
560380	3
560768	3
561138	3
561524	3
561916	3
562300	3
562695	3
563071	3
563466	3
563847	3
564232	3
564628	3
565009	3
565285	5
565791	3
566187	3
566593	3
566975	3
567372	3
567746	3
568135	3
568518	3
568904	3
569293	3
569677	3
570058	3
570427	3
570791	3
571144	3
571509	3
571862	3
572226	3
572623	3
573021	3
573431	3
573818	3
574196	3
574593	3
574964	3
575356	3
575715	3
576089	3
576464	3
576820	3
577191	3
577545	3
577911	3
578294	3
578676	3
579061	3
579429	3
579787	3
580165	3
580539	3
580904	3
581293	3
581662	3
582048	3
582425	3
582812	3
583201	3
583583	3
583950	3
584321	3
584679	3
585046	3
585418	3
585774	3
586127	3
586504	3
586867	3
587244	3
587607	3
587962	3
588324	3
588682	3
589055	3
589421	3
589805	3
590182	3
590572	3
590952	3
591333	3
591731	3
592109	3
592505	3
592878	3
593274	3
593645	3
594015	3
594391	3
594757	3
595129	3
595477	3
595850	3
596211	3
596567	3
596925	3
597267	3
597616	3
597945	3
598303	3
598648	3
599005	3
599224	5
599649	11
600021	11
600393	3
600739	3
601090	3
601409	3
601751	3
602100	3
602431	3
602783	3
603122	3
603466	3
603817	3
604179	3
604528	3
604880	3
605233	3
605586	3
605944	3
606306	3
606659	3
607027	3
607388	3
607737	3
608101	3
608451	3
608805	3
609160	3
609491	3
609834	3
610197	3
610543	3
610893	3
611235	3
611587	3
611923	3
612273	3
612608	3
612952	3
613291	3
613648	3
613988	3
614338	3
614682	3
615032	3
615381	3
615722	3
616076	3
616413	3
616623	5
617077	11
617439	3
617791	3
618134	3
618479	3
618834	3
619179	3
619514	3
619846	3
620196	3
620540	3
620897	3
621267	3
621626	3
621992	3
622364	3
622726	3
623097	3
623454	3
623826	3
624181	3
624533	3
624924	3
625289	3
625640	3
626019	3
626382	3
626752	3
627105	3
627471	3
627855	3
628236	3
628637	3
629050	3
629464	3
629895	3
630292	3
630711	3
631107	3
631505	3
631903	3
632292	3
632702	3
633078	3
633467	3
633872	3
634241	3
634633	3
635023	3
635404	3
635792	3
636155	3
636530	3
636898	3
637264	3
637634	3
638006	3
638362	3
638757	3
639125	3
639481	3
639846	3
640224	3
640601	3
640958	3
641322	3
641684	3
642048	3
642434	3
642800	3
643156	3
643528	3
643908	3
644270	3
644647	3
645029	3
645398	3
645767	3
646143	3
646540	3
646911	3
647293	3
647677	3
648044	3
648415	3
648786	3
649146	3
649510	3
649876	3
