108036	1
108371	1
108563	10
109024	1
109349	1
109540	10
110005	1
110326	1
110516	10
110983	1
111309	1
111498	10
111963	1
112288	1
112481	10
112946	1
113137	10
113608	1
113917	1
114218	1
114533	1
114838	1
115157	1
115486	1
115797	1
115987	10
116466	1
116664	10
117125	1
117450	1
117760	1
117956	10
118420	1
118738	1
118940	10
119400	1
119715	1
119909	10
120363	1
120682	1
120877	10
121318	1
121646	1
121835	10
122276	1
122593	1
122783	10
123239	1
123566	1
123884	1
124199	1
124392	10
124846	1
125043	10
125493	1
125813	1
126121	1
126431	1
126748	1
127056	1
127372	1
127692	1
128000	1
128318	1
128653	1
128966	1
129284	1
129616	1
129929	1
130116	10
130579	1
130773	10
131240	1
131566	1
131874	1
132078	10
132538	1
132732	10
133193	1
133508	1
133699	10
134156	1
134471	1
134658	10
135117	1
135432	1
135620	10
136076	1
136396	1
136593	10
137054	1
137371	1
137570	10
138035	1
138343	1
138531	10
138982	1
139303	1
139617	1
139939	1
140272	1
140595	1
140923	1
141248	1
141571	1
141907	1
142104	10
142573	1
142919	1
143239	1
143544	1
143873	1
144184	1
144504	1
144832	1
145144	1
145467	1
145800	1
146117	1
146432	1
146762	1
147084	1
147411	1
147733	1
148050	1
148374	1
148696	1
149006	1
149325	1
149653	1
149975	1
150288	1
150612	1
150941	1
151243	1
151556	1
151748	10
152203	1
152541	1
152866	1
153175	1
153499	1
153699	10
154163	1
154499	1
154811	1
155133	1
155465	1
155777	1
156108	1
156448	1
156769	1
156954	10
157433	1
157759	1
157958	10
158434	1
158757	1
158958	10
159436	1
159753	1
159945	10
160401	1
160724	1
160914	10
161364	1
161566	10
162025	1
162342	1
162647	1
162837	10
163314	1
163633	1
163958	1
164299	1
164619	1
164939	1
165273	1
165593	1
165785	10
166266	1
166460	10
166937	1
167275	1
167586	1
167783	10
168252	1
168451	10
168923	1
169120	10
169591	1
169925	1
170230	1
170547	1
170870	1
171062	10
171535	1
171873	1
172209	1
172525	1
172847	1
173045	10
173512	1
173861	1
174189	1
174505	1
174843	1
175160	1
175476	1
175814	1
176129	1
176451	1
176790	1
177116	1
177439	1
177773	1
178096	1
178412	1
178736	1
179061	1
179385	1
179705	1
180023	1
180344	1
180668	1
180984	1
181295	1
181620	1
181945	1
182260	1
182585	1
182908	1
183232	1
183559	1
183882	1
184200	1
184535	1
184856	1
185180	1
185513	1
185831	1
186154	1
186478	1
186793	1
187112	1
187446	1
187772	1
188086	1
188427	1
188761	1
189073	1
189402	1
189724	1
190043	1
190370	1
190689	1
191013	1
191342	1
191659	1
191976	1
192301	1
192625	1
192949	1
193274	1
193599	1
193915	1
194228	1
194539	1
194848	1
195162	1
195484	1
195791	1
196118	1
196318	10
196783	1
197123	1
197449	1
197765	1
198101	1
198288	10
198762	1
199111	1
199443	1
199766	1
200093	1
200283	10
200768	1
201110	1
201439	1
201764	1
202091	1
202279	10
202753	1
203095	1
203423	1
203731	1
204059	1
204376	1
204569	10
205047	1
205369	1
205560	10
206053	1
206382	1
206572	10
207058	1
207392	1
207581	10
208051	1
208386	1
208582	10
209053	1
209387	1
209580	10
210052	1
210252	10
210727	1
211047	1
211247	10
211704	1
212035	1
212234	10
212695	1
213013	1
213200	10
213659	1
213856	10
214321	1
214630	1
214831	10
215279	1
215588	1
215782	10
216262	1
216600	1
216790	10
217269	1
217602	1
217932	1
218253	1
218574	1
218897	1
219228	1
219545	1
219744	10
220218	1
220543	1
220736	10
221203	1
221397	10
221873	1
222193	1
222499	1
222819	1
223139	1
223452	1
223779	1
223969	10
224438	1
224788	1
225103	1
225413	1
225750	1
225940	10
226412	1
226762	1
227091	1
227417	1
227748	1
227937	10
228427	1
228772	1
229093	1
229404	1
229731	1
230062	1
230374	1
230704	1
231036	1
231349	1
231674	1
232000	1
232318	1
232655	1
232974	1
233291	1
233632	1
233945	1
234130	10
234605	1
234928	1
235121	10
235592	1
235916	1
236241	1
236565	1
236873	1
237190	1
237519	1
237846	1
238159	1
238492	1
238819	1
239145	1
239475	1
239800	1
240125	1
240465	1
240785	1
240979	10
241467	1
241796	1
241991	10
242459	1
242785	1
242979	10
243455	1
243772	1
244104	1
244422	1
244729	1
244925	10
245399	1
245726	1
245922	10
246393	1
246716	1
247037	1
247356	1
247674	1
247863	10
248329	1
248658	1
248852	10
249316	1
249656	1
249984	1
250292	1
250608	1
250931	1
251248	1
251565	1
251889	1
252212	1
252535	1
252850	1
253172	1
253487	1
253817	1
254144	1
254452	1
254784	1
254975	10
255441	1
255782	1
256099	1
256424	1
256755	1
256944	10
257420	1
257762	1
258078	1
258393	1
258705	1
258898	10
259367	1
259697	1
260019	1
260337	1
260666	1
260852	10
261330	1
261678	1
262009	1
262335	1
262673	1
262995	1
263187	10
263666	1
263992	1
264182	10
264667	1
264993	1
265182	10
265663	1
265862	10
266352	1
266676	1
267009	1
267348	1
267663	1
267854	10
268332	1
268530	10
269001	1
269332	1
269646	1
269841	10
270310	1
270507	10
270985	1
271324	1
271635	1
271960	1
272290	1
272612	1
272802	10
273275	1
273606	1
273799	10
274269	1
274593	1
274784	10
275258	1
275587	1
275775	10
276249	1
276451	10
276925	1
277120	10
277582	1
277917	1
278226	1
278417	10
278890	1
279221	1
279408	10
279886	1
280211	1
280406	10
280884	1
281208	1
281405	10
281870	1
282195	1
282387	10
282847	1
283044	10
283507	1
283705	10
284173	1
284413	10
284856	1
285200	1
285524	1
285847	1
286174	1
286359	10
286842	1
287188	1
287511	1
287832	1
288166	1
288495	1
288810	1
289137	1
289466	1
289793	1
290116	1
290436	1
290753	1
291085	1
291395	1
291708	1
292043	1
292358	1
292669	1
293000	1
293311	1
293634	1
293964	1
294150	10
294619	1
294961	1
295281	1
295606	1
295930	1
296247	1
296443	10
296928	1
297122	10
297602	1
297942	1
298260	1
298446	10
298932	1
299132	10
299604	1
299940	1
300264	1
300455	10
300932	1
301271	1
301462	10
301947	1
302140	10
302619	1
302947	1
303263	1
303580	1
303895	1
304207	1
304541	1
304866	1
305187	1
305533	1
305868	1
306189	1
306527	1
306852	1
307183	1
307510	1
307827	1
308023	10
308507	1
308831	1
309160	1
309491	1
309816	1
310133	1
310452	1
310776	1
311088	1
311399	1
311714	1
312028	1
312358	1
312673	1
312861	10
313337	1
313664	1
313856	10
314328	1
314648	1
314980	1
315307	1
315618	1
315945	1
316275	1
316582	1
316911	1
317240	1
317568	1
317890	1
318220	1
318411	10
318892	1
319230	1
319567	1
319884	1
320217	1
320411	10
320880	1
321229	1
321554	1
321872	1
322208	1
322529	1
322852	1
323190	1
323505	1
323693	10
324185	1
324381	10
324856	1
325187	1
325505	1
325702	10
326171	1
326500	1
326825	1
327026	10
327486	1
327819	1
328146	1
328467	1
328665	10
329139	1
329464	1
329795	1
330122	1
330452	1
330770	1
331103	1
331431	1
331744	1
331951	10
332421	1
332739	1
333053	1
333371	1
333690	1
333999	1
334320	1
334511	10
334985	1
335325	1
335661	1
335976	1
336313	1
336647	1
336965	1
337303	1
337630	1
337948	1
338289	1
338621	1
338950	1
339294	1
339621	1
339957	1
340289	1
340602	1
340796	10
341271	1
341602	1
341804	10
342268	1
342602	1
342794	10
343254	1
343584	1
343776	10
344245	1
344580	1
344771	10
345245	1
345570	1
345763	10
346219	1
346535	1
346726	10
347195	1
347507	1
347697	10
348162	1
348364	10
348828	1
349022	10
349481	1
349814	1
350124	1
350433	1
350752	1
350948	10
351405	1
351737	1
352058	1
352375	1
352567	10
353039	1
353244	10
353713	1
354050	1
354363	1
354554	10
355024	1
355219	10
355681	1
356011	1
356323	1
356646	1
356971	1
357286	1
357622	1
357939	1
358128	10
358619	1
358828	10
359297	1
359634	1
359949	1
360275	1
360596	1
360915	1
361238	1
361569	1
361883	1
362200	1
362525	1
362844	1
363163	1
363484	1
363806	1
364130	1
364454	1
364775	1
365090	1
365417	1
365745	1
366059	1
366393	1
366585	10
367055	1
367391	1
367709	1
368018	1
368210	10
368672	1
368871	10
369341	1
369680	1
369998	1
370315	1
370650	1
370981	1
371304	1
371629	1
371959	1
372280	1
372602	1
372923	1
373239	1
373579	1
373904	1
374221	1
374569	1
374907	1
375225	1
375567	1
375898	1
376087	10
376572	1
376762	10
377245	1
377594	1
377903	1
378217	1
378535	1
378854	1
379167	1
379487	1
379812	1
380128	1
380450	1
380768	1
381088	1
381420	1
381745	1
382070	1
382411	1
382738	1
382929	10
383419	1
383618	10
384116	1
384320	10
384815	1
385174	1
385513	1
385850	1
386187	1
386522	1
386868	1
387209	1
387551	1
387753	10
388246	1
388600	1
388787	10
389283	1
389487	10
389972	1
390166	10
390657	1
390998	1
391328	1
391516	10
392008	1
392353	1
392683	1
393026	1
393363	1
393695	1
393889	10
394374	1
394570	10
395065	1
395260	10
395743	1
396103	1
396433	1
396753	1
397077	1
397417	1
397742	1
398062	1
398257	10
398741	1
398927	10
399402	1
399601	10
400079	1
400415	1
400608	10
401080	1
401393	1
401684	1
401975	1
402169	10
402522	1
402719	10
403044	1
403238	10
403547	1
403811	1
404056	10
404245	10
404687	1
404987	1
405292	1
405604	1
405907	1
406093	10
406569	1
406880	1
407190	1
407513	1
407701	10
408180	1
408370	10
408837	1
409048	10
409512	1
409701	10
410169	1
410360	10
410819	1
411127	1
411416	1
411725	1
412029	1
412224	10
412674	1
412866	10
413321	1
413524	10
413961	1
414271	1
414566	1
414860	1
415050	10
415466	1
415654	10
416076	1
416290	10
416675	1
416870	10
417285	1
417496	10
417870	1
418142	1
418413	1
418694	1
418985	1
419173	10
419618	1
419944	1
420253	1
420572	1
420884	1
421076	10
421532	1
421852	1
422041	10
422490	1
422804	1
422988	10
423427	1
423737	1
423927	10
424354	1
424657	1
424852	10
425281	1
425479	10
425904	1
426107	10
426536	1
426731	10
427150	1
427340	10
427762	1
428059	1
428348	1
428635	1
428827	10
429257	1
429454	10
429872	1
430173	1
430469	1
430769	1
430958	10
431389	1
431685	1
431985	1
432280	1
432467	10
432886	1
433074	10
433483	1
433771	1
433960	10
434342	1
434629	1
434898	1
435088	10
435466	1
435744	1
436019	1
436214	10
436562	1
436829	1
437027	10
437384	1
437606	10
437862	1
438141	1
438409	1
438596	10
438999	1
439295	1
439482	10
439942	1
440264	1
440452	10
440961	1
441315	1
441495	10
442016	1
442364	1
442709	1
443042	1
443376	1
443573	10
444071	1
444266	10
444751	1
444946	10
445433	1
445626	10
445721	10
446095	1
446418	1
446743	1
447061	1
447373	1
447571	10
448042	1
448375	1
448562	10
449037	1
449231	10
449700	1
450016	1
450203	10
450675	1
450996	1
451313	1
451511	10
451978	1
452163	10
452630	1
452823	10
453310	1
453637	1
453972	1
454169	10
454651	1
454984	1
455315	1
455508	10
455996	1
456190	10
456668	1
457003	1
457195	10
457674	1
457866	10
458351	1
458691	1
458876	10
459363	1
459704	1
459895	10
460362	1
460695	1
460888	10
461355	1
461692	1
461882	10
462350	1
462549	10
462990	1
463179	10
463633	1
463946	1
464256	1
464582	1
464922	1
465113	10
465633	1
465833	10
466362	1
466582	10
467073	1
467270	10
467788	1
467972	10
468452	1
468646	10
469121	1
469318	10
469790	1
470116	1
470448	1
470635	10
471113	1
471306	10
471815	1
472147	1
472481	1
472812	1
473145	1
473333	10
473824	1
474168	1
474364	10
474855	1
475196	1
475542	1
475732	10
476206	1
476398	10
476885	1
477085	10
477566	1
477911	1
478248	1
478441	10
478922	1
479116	10
479606	1
479806	10
480282	1
480477	10
480965	1
481161	10
481635	1
481827	10
482300	1
482501	10
482957	1
483152	10
483596	1
483896	1
484193	1
484473	1
484760	1
485063	1
485357	1
485652	1
485974	1
486296	1
486610	1
486946	1
487288	1
487622	1
487967	1
488319	1
488670	1
489015	1
489206	10
489717	1
489916	10
490407	1
490597	10
491064	1
491276	10
491731	1
492046	1
492235	10
492672	1
492987	1
493178	10
493608	1
493805	10
494252	1
494548	1
494857	1
495171	1
495493	1
495824	1
496018	10
496490	1
496684	10
497163	1
497358	10
497832	1
498026	10
498127	10
498506	1
498700	10
499170	1
499496	1
499686	10
500127	1
500326	10
500757	1
501061	1
501357	1
501544	10
501976	1
502171	10
502592	1
502902	1
503091	10
503546	1
503869	1
504059	10
504531	1
504726	10
505196	1
505392	10
505903	1
506099	10
506603	1
506958	1
507155	10
507646	1
508000	1
508191	10
508684	1
508889	10
509378	1
509722	1
509914	10
510399	1
510740	1
511070	1
511261	10
511744	1
511942	10
512431	1
512769	1
513096	1
513295	10
513774	1
513975	10
514470	1
514801	1
514997	10
515485	1
515827	1
516160	1
516485	1
516678	10
517175	1
517515	1
517867	1
518201	1
518529	1
518732	10
519212	1
519417	10
519902	1
520234	1
520433	10
520901	1
521223	1
521540	1
521734	10
522196	1
522389	10
522824	1
523143	1
523336	10
523766	1
523967	10
524414	1
524734	1
525056	1
525246	10
525743	1
525941	10
526419	1
526625	10
527090	1
527425	1
527616	10
528066	1
528391	1
528580	10
529024	1
529347	1
529536	10
530004	1
530330	1
530522	10
530987	1
531307	1
531502	10
531947	1
532139	10
532599	1
532798	10
533245	1
533557	1
533871	1
534194	1
534525	1
534716	10
535206	1
535410	10
535905	1
536097	10
536581	1
536790	10
537254	1
537474	10
537920	1
538118	10
538574	1
538776	10
539232	1
539545	1
539858	1
540165	1
540485	1
540809	1
541136	1
541480	1
541823	1
542160	1
542512	1
542860	1
543211	1
543568	1
543906	1
544261	1
544609	1
544942	1
545283	1
545628	1
545980	1
546168	10
546676	1
546878	10
547366	1
547574	10
548053	1
548261	10
548732	1
548936	10
549392	1
549720	1
549912	10
550366	1
550686	1
551002	1
551201	10
551640	1
551840	10
552263	1
552455	10
552836	1
553112	13
553301	10
553645	1
553916	10
554175	10
554431	10
554692	10
554955	10
555150	10
555492	1
555770	10
555960	10
556329	1
556530	10
556900	1
557174	10
557444	13
557645	10
558026	1
558240	10
558617	1
558906	1
559213	1
559409	10
559835	1
560151	1
560474	1
560670	10
561150	1
561502	1
561844	1
562180	1
562371	10
562894	1
563237	1
563572	1
563763	10
564260	1
564595	1
564934	1
565259	1
565595	1
565931	1
566238	1
566545	1
566735	10
567140	1
567337	10
567784	1
568093	1
568395	1
568604	10
569040	1
569235	10
569694	1
570006	1
570323	1
570517	10
570967	1
571162	10
571577	1
571864	1
572151	1
572343	10
572753	1
573039	1
573327	1
573609	1
573801	10
574192	1
574395	10
574792	1
575089	1
575379	1
575573	10
575975	1
576270	1
576569	1
576880	1
577185	1
577374	10
577864	1
578054	10
578555	1
578881	1
579072	10
579550	1
579885	1
580071	10
580577	1
580945	1
581140	10
581655	1
581856	10
582363	1
582725	1
582921	10
583436	1
583626	10
583756	13
584155	1
584498	1
584831	1
585171	1
585503	1
585832	1
586024	10
586531	1
586727	10
587198	1
587548	1
587870	1
588180	1
588374	10
588826	1
589020	10
589478	1
589797	1
590099	1
590396	1
590719	1
590914	10
591387	1
591730	1
592058	1
592378	1
592699	1
593026	1
593346	1
593690	1
594030	1
594361	1
594705	1
595065	1
595413	1
595741	1
595945	10
596439	1
596772	1
596961	10
597446	1
597771	1
598090	1
598418	1
598750	1
599095	1
599295	10
599801	1
600151	1
600508	1
600850	1
601202	1
601394	10
601920	1
602124	10
602649	1
602990	1
603173	10
603686	1
604026	1
604369	1
604693	1
605016	1
605224	10
605704	1
606031	1
606221	10
606699	1
607029	1
607354	1
607672	1
607983	1
608300	1
608625	1
608946	1
609264	1
609613	1
609941	1
610257	1
610455	10
610933	1
611123	10
611600	1
611941	1
612270	1
612582	1
612769	10
613242	1
613442	10
613899	1
614108	10
614569	1
614905	1
615232	1
615436	10
615933	1
616282	1
616478	10
616986	1
617331	1
617526	10
618027	1
618377	1
618716	1
619061	1
619397	1
619732	1
620095	1
620440	1
620785	1
621145	1
621497	1
621836	1
622179	1
622530	1
622874	1
623203	1
623555	1
623901	1
624225	1
624556	1
624894	1
625235	1
625575	1
625915	1
626259	1
626585	1
626928	1
627270	1
627595	1
627936	1
628277	1
628609	1
628946	1
629287	1
629613	1
629945	1
630284	1
630627	1
630956	1
631288	1
631620	1
631947	1
632281	1
632615	1
632941	1
633133	10
633615	1
633812	10
634297	1
634644	1
634964	1
635278	1
635597	1
635913	1
636221	1
636530	1
636851	1
637168	1
637475	1
637802	1
638123	1
638439	1
638635	10
639109	1
639441	1
639768	1
640103	1
640436	1
640764	1
640962	10
641458	1
641800	1
642137	1
642488	1
642827	1
643167	1
643511	1
643864	1
644203	1
644534	1
644888	1
645236	1
645565	1
645760	10
646235	1
646566	1
646888	1
647205	1
647528	1
647845	1
648162	1
648487	1
648800	1
649137	1
649476	1
649797	1
