107983	1
108181	10
108453	10
108695	10
108947	10
109193	10
109470	10
109620	10
109841	10
110148	1
110332	10
110568	13
110790	10
111109	1
111388	10
111642	10
111902	10
112131	10
112453	1
112687	13
113118	1
113377	10
113531	10
113783	10
114085	1
114399	1
114696	1
114908	10
115130	10
115405	10
115587	10
115855	10
116068	10
116303	10
116540	10
116712	10
116899	10
117158	10
117315	10
117486	10
117909	1
118151	10
118310	10
118553	10
118737	10
118982	10
119283	1
119535	10
119883	1
120434	1
120680	10
120927	10
121151	10
121443	1
121703	10
121936	10
122212	1
122436	10
122643	10
122854	10
123251	1
123559	1
123803	10
124047	10
124267	10
124513	10
124745	10
124891	10
125155	10
125425	1
125785	1
126021	10
126217	10
126480	10
126773	1
126975	10
127251	1
127468	13
127681	13
127969	1
128191	10
128416	10
128559	10
128802	10
129069	10
129262	10
129532	10
129766	10
130100	1
130415	1
130586	10
130839	10
130998	10
131227	10
131539	1
131801	10
132014	10
132247	10
132566	1
132824	10
133169	1
133436	10
133799	1
134068	10
134372	1
134615	10
134851	13
135099	10
135363	10
135617	10
135878	10
136100	10
137437	1
138175	1
138710	1
139302	1
139700	1
140264	1
140753	1
141450	1
141970	1
142443	1
142898	1
143148	13
143383	10
143832	1
144333	1
144755	1
145127	13
145584	1
146027	1
146456	1
146871	1
147283	1
147700	1
148141	1
148606	1
149035	1
149478	1
149931	1
150422	1
150905	1
151357	1
151793	1
152238	1
152713	1
153156	1
153581	1
153943	13
154260	10
154418	13
154963	1
155180	10
155644	1
156294	1
156758	1
157186	1
157458	10
157885	1
158076	10
158573	1
159291	1
159960	1
160618	1
161300	1
161725	10
162380	1
162819	10
163303	10
163798	10
164245	10
164711	10
165167	10
165527	13
165887	10
166324	10
166984	1
167435	10
167890	10
168332	10
168520	10
168998	10
169439	10
169811	13
170154	10
170588	10
171046	10
171508	10
171891	10
172472	10
173015	10
173195	10
173375	10
173551	10
173707	10
173889	10
174146	10
174311	13
174568	10
174749	10
174983	10
175176	10
175364	10
175554	10
175774	10
176076	10
176266	10
176532	13
176803	10
177065	10
177222	10
177435	10
177619	10
177876	13
178150	10
178311	10
178511	10
178811	10
179031	10
179182	10
179444	10
179624	10
179878	10
180073	13
180289	10
180461	10
180626	10
180769	10
180971	10
181186	10
181448	10
181941	10
182171	10
182602	10
182942	10
183252	10
183695	10
183897	10
184039	10
184289	10
184440	10
184608	10
184764	10
185338	10
186046	1
186386	10
187110	1
187332	10
187993	1
188192	10
188586	10
189073	10
189400	10
189606	10
190013	10
190677	1
191379	1
192075	1
192724	1
193410	1
194101	1
194750	1
195430	1
196146	1
196810	1
197218	10
197553	10
197825	10
198364	10
199043	1
199467	10
199770	13
200339	10
200766	10
201069	10
201592	10
202017	10
202379	10
202861	10
203272	10
203617	13
204095	10
204549	10
204894	13
205378	10
205784	10
206144	13
206650	10
207097	10
207439	13
207903	10
208326	10
208526	10
209051	10
209474	10
209802	10
210154	10
210592	10
210948	13
211233	10
211775	10
212208	13
212663	10
213009	13
213285	10
213813	10
214239	10
214671	10
215012	13
215302	10
215830	10
216250	10
216679	10
217018	10
217319	10
217878	10
218332	10
218758	10
219095	13
219668	10
220106	10
220410	10
220933	10
221348	10
221718	10
222197	10
222615	10
222935	13
223462	10
223922	10
224376	10
224813	10
225262	10
225712	10
226179	10
226629	10
227037	10
227455	10
227905	10
228339	10
228665	10
229176	10
229363	10
229826	10
230272	10
230718	10
231055	10
231554	10
231996	10
232315	13
232867	10
233293	10
233625	10
234108	10
234556	10
234920	10
235400	10
235814	10
236157	10
236408	10
236953	10
237399	10
237808	10
238146	10
238668	10
239125	10
239459	10
239959	10
240359	10
240722	13
241200	10
241646	10
241972	13
242457	10
242883	10
243253	13
243738	10
244168	10
244490	10
244998	10
245444	10
245809	13
246266	10
246676	10
247014	13
247504	10
247946	10
248287	13
248727	10
249139	10
249479	10
249959	10
250398	10
250708	10
251224	10
251655	10
252009	13
252525	10
252935	10
253263	13
253767	10
254184	10
254558	13
255026	10
255453	13
255771	10
256342	10
256774	10
257091	10
257593	10
258025	10
258366	10
258847	10
259268	10
259576	10
260041	10
260488	10
260818	10
261296	10
261719	10
262025	10
262543	10
262989	10
263306	10
263812	10
264221	10
264552	10
265079	10
265503	10
265817	10
266277	10
266930	1
267368	10
267708	13
268150	10
268320	10
268808	10
269245	10
269677	10
270017	13
270503	10
270932	13
271252	10
271767	10
272397	1
272803	10
273227	10
273574	13
274057	10
274241	10
274697	10
275115	10
275573	10
275897	10
276449	10
276879	10
277553	1
278003	10
278446	10
278741	13
279256	10
279700	10
279897	10
280391	10
280820	10
281243	10
281509	10
281935	10
282400	10
282701	10
282889	10
283254	10
283689	10
283894	13
284388	10
284828	10
285259	10
285562	10
286107	10
286566	10
287007	10
287297	13
287843	10
288265	10
288698	10
289067	13
289547	10
289960	10
290392	10
290759	10
291024	10
291538	10
291961	10
292384	13
292723	10
293248	10
293669	10
293992	13
294478	10
294913	10
295247	10
295739	10
296164	10
296462	10
296969	10
297418	10
297744	10
298246	10
298664	10
298986	10
299536	10
299979	10
300300	10
300791	10
301215	10
301568	13
302050	10
302455	10
302791	13
303240	10
303680	10
304031	10
304493	10
304897	10
305246	13
305751	10
306176	10
306526	13
307001	10
307415	10
307747	13
308267	10
308685	10
309009	10
309463	10
309900	10
310236	13
310724	10
311138	10
311458	13
311923	10
312369	10
312709	10
313198	10
313620	13
313933	10
314428	10
314858	10
315195	10
315639	10
316057	10
316371	10
316884	10
317309	10
317627	10
318125	10
318554	10
318880	10
319427	10
319829	10
320128	10
320634	10
321069	10
321406	13
321885	10
322295	10
322608	10
323118	10
323561	10
323877	10
324367	10
324790	10
325116	10
325617	10
326057	10
326338	10
326820	10
327245	10
327603	13
328055	10
328480	10
328740	10
329277	10
329727	10
330163	10
330452	10
330975	10
331410	10
331850	10
332165	10
332703	10
333108	10
333506	10
333839	10
334366	10
334777	10
335164	10
335496	10
335996	10
336439	10
336857	10
337166	10
337675	10
338129	10
338585	10
338869	10
339058	10
339416	10
339845	10
340287	10
340607	13
341155	10
341557	10
341964	10
342306	13
342815	10
343234	10
343654	10
343967	10
344474	10
344918	10
345356	10
345654	10
346164	10
346600	10
347028	10
347362	10
347858	10
348275	10
348688	10
349045	10
349570	10
350001	10
350400	10
350750	10
351251	10
351691	10
352032	13
352472	10
352662	10
353137	10
353582	10
353922	13
354418	10
354841	10
355143	10
355671	10
356083	10
356447	13
356848	10
357281	10
357627	13
358113	10
358753	1
359146	10
359516	13
359969	10
360407	10
360727	13
361184	13
361614	10
361992	10
362168	10
362666	10
363056	10
363401	13
363820	10
364227	10
364630	10
365001	10
365377	13
365770	10
366188	10
366555	13
367011	10
367402	10
367768	13
368231	10
368659	10
369045	13
369480	10
369887	10
370278	13
370735	10
371164	10
371544	13
371953	10
372365	10
372763	13
373194	10
373628	10
373965	10
374186	10
374672	10
375121	10
375549	10
375890	10
376340	10
376776	10
377114	13
377597	10
378030	10
378351	13
378803	10
379267	10
379604	10
380089	10
380499	10
380840	10
381289	10
381722	10
382111	13
382499	10
382913	13
383259	13
383755	10
384176	10
384533	10
384967	10
385398	10
385749	10
386257	10
386666	10
387007	13
387236	10
387736	10
388186	10
388609	10
388961	10
389417	10
389864	10
390222	13
390688	10
391074	10
391438	13
391854	10
392048	10
392553	10
392968	13
393305	10
393771	10
394220	10
394587	13
395079	10
395494	10
395826	10
396666	1
396849	10
397311	10
397660	13
397830	10
398285	10
398902	1
399350	10
399709	10
400073	10
400415	10
400602	10
400764	10
401114	10
401510	10
401899	13
402365	10
403086	1
403591	10
404042	10
404486	10
404953	10
405447	10
406184	1
406390	10
406919	10
407623	1
407951	10
408295	10
408686	10
409105	10
409563	10
410011	10
410433	13
410841	10
411258	10
411708	10
412138	10
412506	13
412707	10
412861	10
413193	10
413626	10
414005	13
414237	10
414747	10
415154	10
415571	10
415973	13
416453	10
416860	10
417233	13
417442	10
417599	10
417943	10
418375	10
418772	13
419217	10
419879	1
420316	10
420689	13
421148	10
421557	10
421923	13
422385	10
422831	10
423179	10
423637	10
424041	10
424436	13
424662	10
424815	10
425192	10
425607	10
426015	10
426433	10
426823	10
427328	10
427516	10
427992	10
428406	10
428781	13
429257	10
429694	10
429876	13
430333	10
430762	10
431134	10
431621	10
432043	13
432373	13
432867	10
433303	10
433746	10
434390	1
434800	10
435160	13
435657	10
436085	10
436493	10
436838	13
437314	10
437523	10
438042	13
438448	10
438874	10
439207	10
439465	10
439630	10
440012	10
440436	10
440862	10
441268	10
441663	13
442133	13
442318	10
442781	10
443199	10
443554	10
444044	10
444474	10
444850	13
445058	10
445535	10
445977	10
446419	10
446796	13
447015	10
447517	10
447932	10
448374	10
448740	13
449230	10
449634	10
449992	13
450493	10
450933	10
451110	10
451614	10
452010	10
452201	10
452716	10
453161	10
453477	10
453991	10
454422	10
454851	10
455564	1
455975	13
456281	10
456810	10
457255	10
457673	10
458017	13
458479	10
459148	1
459595	10
460005	10
460343	13
460789	10
461241	10
461564	10
462078	10
462729	1
463139	10
463587	10
463952	13
464413	10
465074	1
465506	10
465941	10
466301	10
466751	10
467161	10
467486	13
467994	10
468414	10
468748	13
469211	10
469609	10
469994	13
470437	10
470862	10
471166	10
471669	10
472101	10
472479	13
472959	10
473374	10
473714	10
474204	10
474636	10
475011	13
475447	10
475876	10
476234	10
476723	10
477145	10
477504	13
477931	10
478363	10
478738	13
479176	10
479604	10
479931	13
480410	10
480835	10
481239	13
481698	10
482112	10
482464	13
482985	10
483412	10
483779	13
484207	10
484629	10
484983	13
485499	10
485896	10
486257	13
486698	10
487127	10
487502	13
487974	10
488374	10
488718	10
489211	10
489665	10
490010	10
490470	10
490887	10
491245	13
491715	10
492133	10
492504	13
492930	10
493383	10
493865	10
494294	10
494715	10
495142	10
495564	10
496025	10
496460	10
496868	10
497273	10
497718	10
498150	10
498592	10
499009	10
499418	10
499835	10
500292	10
500733	10
501158	10
501581	10
502015	13
502458	10
502896	13
503313	10
503717	10
504153	10
504603	10
505030	10
505443	10
505850	10
506264	10
506704	10
507153	10
507564	13
507953	10
508385	13
508799	10
509238	10
509660	10
510070	10
510474	10
510922	10
511365	10
511775	10
512180	10
512591	13
513008	10
513442	10
513852	10
514247	10
514638	10
515070	10
515509	10
515923	10
516334	10
516749	10
517175	10
517622	10
518058	10
518455	10
518863	10
519277	10
519724	10
520114	10
520543	10
520924	10
521342	10
521776	10
522246	13
522433	10
522572	10
522936	10
523363	10
524052	1
524473	10
524650	10
525138	10
525542	10
525993	13
526417	10
526596	10
527112	10
527319	13
527815	10
528559	1
528746	10
529267	10
529468	10
529964	10
530704	1
530887	10
531422	10
532113	1
532326	10
532863	10
533563	1
533736	10
534251	10
534452	10
534989	10
535185	10
535323	10
535699	10
536384	1
537143	1
537320	10
537849	10
538034	10
538547	10
538737	13
539292	10
540010	1
540181	10
540700	10
541454	1
541638	13
541874	10
542239	10
542405	10
542930	10
543153	13
543701	10
544410	1
544582	10
545141	10
545333	13
545898	10
546610	1
547303	1
547492	10
547647	13
548041	10
548223	10
548750	10
549062	10
549487	10
549699	13
550272	10
550981	1
551147	10
551708	10
552452	1
552626	10
553154	10
553566	10
554005	10
554367	10
554622	10
555148	10
555851	1
556037	10
556586	10
557287	1
557464	10
557611	10
557950	10
558278	10
558652	10
558839	13
558978	10
559331	10
559508	13
559637	10
559998	10
560184	13
560718	10
561442	1
561616	10
561743	10
562139	10
562321	13
562483	13
562932	10
563387	10
563579	13
564090	10
564269	10
564814	10
565573	1
565740	10
566253	10
566993	1
567173	10
567717	10
568405	1
569103	1
569297	10
569838	10
570502	1
570683	10
570823	10
571025	10
571593	10
571932	10
572357	10
572552	10
573059	10
573810	1
573997	10
574496	10
574811	10
574997	10
575145	10
575357	10
575534	10
575708	10
575866	10
576055	10
576345	10
576550	10
576703	10
576917	10
577087	10
577287	10
577580	10
577877	10
578091	10
578262	10
578463	10
578706	10
578973	10
579153	10
579409	13
579644	13
579968	10
580166	10
580377	10
580554	10
580720	10
580953	10
581169	10
581370	10
581527	10
581668	10
581822	10
581974	10
582108	10
582258	10
582538	10
582721	10
583131	10
583371	10
583564	10
583745	10
583924	10
584233	10
584467	10
584728	10
584978	10
585220	10
585523	10
585703	10
585878	10
586304	13
586585	10
586846	10
587083	10
587368	13
587526	10
587660	10
587836	10
588045	10
588303	10
588543	10
588807	10
589017	13
589292	10
589487	10
589823	10
590009	10
590262	10
590531	13
590782	10
591004	10
591269	10
591434	10
591631	10
591928	10
592153	10
592376	10
592662	10
592930	10
593247	10
593408	10
593691	13
593956	10
594171	10
594430	10
594594	10
594856	13
595101	10
595360	10
595574	10
595862	10
596043	10
596357	10
596572	10
596860	10
597077	10
597334	10
597590	10
597831	10
598027	10
598249	10
598465	10
598767	10
599032	10
599291	10
599452	10
599674	10
599834	10
600125	13
600380	10
600571	10
600881	13
601136	13
601431	10
601718	10
601932	10
602191	13
602379	10
602598	10
602775	13
602924	10
603148	10
603412	10
603678	10
603920	13
604105	10
604368	10
604539	10
604773	13
605004	10
605243	10
605487	10
605724	13
605983	10
606205	10
606437	10
606643	10
606877	10
607207	13
607426	10
607568	10
607802	10
608078	13
608321	10
608561	10
608874	10
609098	10
609348	10
609570	10
609839	10
610146	10
610413	10
610574	10
610820	13
611042	10
611325	10
611606	10
611840	10
612144	10
612410	10
612727	10
612989	10
613195	10
613399	10
613587	10
613802	10
614119	10
614283	10
614526	10
614743	10
614952	10
615130	13
615265	10
615527	10
615807	10
615988	13
616233	10
616478	10
616734	10
616974	13
617144	10
617452	10
617671	10
617959	10
618154	10
618314	10
618584	10
618825	13
619024	10
619230	10
619453	10
619689	10
619867	10
620060	10
620235	10
620473	13
620748	10
620982	10
621251	10
621409	10
621635	10
621887	10
622152	10
622417	10
622641	10
622858	10
623051	10
623302	10
623469	10
623688	10
623920	10
624155	10
624359	10
624589	10
624837	10
625137	10
625482	10
625727	10
625936	10
626190	10
626433	10
626596	10
626837	10
627032	10
627206	10
627469	10
627717	10
627889	10
628321	10
628539	10
628709	10
628914	10
629139	10
629333	10
629632	10
629805	10
630040	10
630300	10
630468	10
630742	10
630963	10
631230	10
631399	10
631565	10
631823	10
632085	10
632370	10
632626	10
632785	10
633016	10
633293	10
633512	10
633745	10
634024	10
634395	10
634678	10
634930	10
635217	10
635502	13
635675	10
635847	10
636110	10
636359	13
636661	10
636916	10
637290	10
637532	10
637703	10
637886	10
638112	13
638304	10
638541	10
638719	10
638938	10
639147	10
639374	10
639638	10
639854	10
640005	10
640268	10
640531	10
640800	10
641026	10
641214	10
641550	10
641830	13
642046	10
642315	10
642504	10
642743	10
642977	10
643245	10
644603	1
645186	10
645811	1
646060	10
646527	10
647258	1
647974	1
648428	10
649113	1
649808	1
