107759	1
108053	1
108350	1
108652	1
108934	1
109207	1
109494	1
109781	1
110085	1
110383	1
110682	1
110971	1
111252	1
111532	1
111819	1
112116	1
112413	1
112719	1
113009	1
113289	1
113571	1
113858	1
114150	1
114436	1
114724	1
115009	1
115288	1
115555	1
115823	1
116092	1
116378	1
116662	1
116948	1
117222	1
117502	1
117774	1
118052	1
118331	1
118615	1
118920	1
119224	1
119518	1
119800	1
120085	1
120384	1
120684	1
120999	1
121309	1
121613	1
121898	1
122178	1
122469	1
122759	1
123058	1
123368	1
123672	1
123944	1
124230	1
124515	1
124784	1
125068	1
125363	1
125657	1
125934	1
126212	1
126484	1
126755	1
127033	1
127322	1
127612	1
127901	1
128094	13
128431	1
128706	1
128966	1
129239	1
129528	1
129807	1
130065	1
130326	1
130576	1
130827	1
131082	1
131335	1
131593	1
131860	1
132130	1
132389	1
132637	1
132891	1
133140	1
133398	1
133671	1
133941	1
134205	1
134472	1
134745	1
134998	1
135252	1
135513	1
135789	1
136069	1
136359	1
136638	1
136907	1
137179	1
137457	1
137737	1
138016	1
138312	1
138607	1
138897	1
139172	1
139448	1
139728	1
140018	1
140310	1
140607	1
140890	1
141160	1
141431	1
141692	1
141951	1
142215	1
142488	1
142755	1
143019	1
143273	1
143523	1
143774	1
144033	1
144294	1
144566	1
144841	1
145120	1
145390	1
145655	1
145911	1
146178	1
146454	1
146745	1
147021	1
147299	1
147573	1
147841	1
148107	1
148372	1
148646	1
148925	1
149213	1
149496	1
149777	1
150038	1
150312	1
150584	1
150857	1
151130	1
151415	1
151708	1
151982	1
152245	1
152519	1
152790	1
153075	1
153370	1
153652	1
153931	1
154201	1
154479	1
154749	1
155017	1
155299	1
155597	1
155873	1
156141	1
156403	1
156656	1
156914	1
157177	1
157439	1
157704	1
157968	1
158242	1
158498	1
158738	1
158982	1
159234	1
159488	1
159746	1
160010	1
160268	1
160515	1
160763	1
161013	1
161262	1
161508	1
161773	1
162043	1
162317	1
162582	1
162844	1
163101	1
163371	1
163637	1
163907	1
164190	1
164469	1
164740	1
165000	1
165254	1
165507	1
165764	1
166041	1
166309	1
166578	1
166850	1
167120	1
167379	1
167649	1
167920	1
168199	1
168493	1
168793	1
169082	1
169358	1
169637	1
169915	1
170210	1
170503	1
170727	13
171082	1
171380	1
171660	1
171929	1
172208	1
172490	1
172784	1
173075	1
173360	1
173637	1
173915	1
174184	1
174460	1
174745	1
175032	1
175331	1
175617	1
175885	1
176153	1
176436	1
176707	1
176984	1
177257	1
177531	1
177805	1
178068	1
178325	1
178586	1
178850	1
179126	1
179396	1
179670	1
179935	1
180191	1
180452	1
180713	1
180972	1
181245	1
181532	1
181819	1
182093	1
182362	1
182632	1
182905	1
183189	1
183483	1
183787	1
184080	1
184370	1
184658	1
184942	1
185221	1
185518	1
185837	1
186146	1
186436	1
186725	1
187013	1
187299	1
187586	1
187880	1
188187	1
188489	1
188772	1
189051	1
189338	1
189633	1
189938	1
190236	1
190537	1
190829	1
191120	1
191404	1
191682	1
191985	1
192290	1
192583	1
192870	1
193154	1
193431	1
193711	1
194002	1
194289	1
194583	1
194876	1
195164	1
195435	1
195709	1
195987	1
196277	1
196568	1
196856	1
197141	1
197423	1
197693	1
197958	1
198233	1
198513	1
198800	1
199084	1
199361	1
199627	1
199903	1
200170	1
200443	1
200723	1
201001	1
201280	1
201553	1
201815	1
202075	1
202347	1
202623	1
202904	1
203191	1
203477	1
203749	1
204030	1
204308	1
204583	1
204862	1
205167	1
205467	1
205745	1
206025	1
206297	1
206575	1
206853	1
207138	1
207429	1
207733	1
208013	1
208286	1
208556	1
208830	1
209108	1
209401	1
209692	1
209981	1
210264	1
210542	1
210817	1
211094	1
211373	1
211662	1
211959	1
212236	1
212510	1
212786	1
213066	1
213335	1
213615	1
213903	1
214189	1
214473	1
214746	1
215013	1
215289	1
215571	1
215859	1
216149	1
216439	1
216718	1
216998	1
217277	1
217555	1
217833	1
218130	1
218425	1
218712	1
218981	1
219255	1
219537	1
219821	1
220107	1
220400	1
220699	1
220985	1
221261	1
221535	1
221812	1
222090	1
222383	1
222674	1
222960	1
223236	1
223515	1
223792	1
224055	1
224337	1
224630	1
224924	1
225203	1
225481	1
225751	1
226032	1
226304	1
226582	1
226871	1
227153	1
227435	1
227710	1
227984	1
228247	1
228525	1
228816	1
229103	1
229384	1
229668	1
229944	1
230222	1
230493	1
230769	1
231066	1
231366	1
231647	1
231922	1
232198	1
232468	1
232740	1
233024	1
233310	1
233597	1
233883	1
234159	1
234423	1
234693	1
234967	1
235258	1
235555	1
235836	1
236117	1
236398	1
236673	1
236936	1
237214	1
237504	1
237792	1
238079	1
238352	1
238618	1
238892	1
239166	1
239442	1
239726	1
240005	1
240275	1
240549	1
240818	1
241073	1
241327	1
241597	1
241864	1
242122	1
242382	1
242640	1
242888	1
243140	1
243396	1
243651	1
243917	1
244200	1
244470	1
244737	1
244993	1
245255	1
245524	1
245800	1
246074	1
246360	1
246656	1
246943	1
247210	1
247477	1
247750	1
248026	1
248308	1
248595	1
248886	1
249166	1
249442	1
249714	1
249997	1
250281	1
250566	1
250867	1
251168	1
251450	1
251719	1
252002	1
252294	1
252593	1
252876	1
253167	1
253464	1
253750	1
254018	1
254291	1
254593	1
254900	1
255179	1
255461	1
255747	1
256035	1
256304	1
256580	1
256869	1
257166	1
257448	1
257718	1
257974	1
258234	1
258487	1
258746	1
259013	1
259288	1
259549	1
259820	1
260085	1
260342	1
260594	1
260860	1
261141	1
261426	1
261699	1
261976	1
262249	1
262524	1
262797	1
263070	1
263358	1
263649	1
263939	1
264225	1
264507	1
264781	1
265070	1
265362	1
265660	1
265955	1
266247	1
266537	1
266823	1
267107	1
267384	1
267687	1
267987	1
268268	1
268553	1
268831	1
269110	1
269392	1
269678	1
269968	1
270265	1
270559	1
270830	1
271103	1
271378	1
271664	1
271961	1
272252	1
272541	1
272847	1
273131	1
273402	1
273683	1
273975	1
274272	1
274569	1
274861	1
275140	1
275411	1
275680	1
275957	1
276244	1
276524	1
276813	1
277111	1
277396	1
277657	1
277931	1
278220	1
278526	1
278822	1
279107	1
279390	1
279584	13
279926	1
280217	1
280519	1
280823	1
281118	1
281410	1
281690	1
281963	1
282241	1
282522	1
282810	1
283105	1
283397	1
283680	1
283952	1
284225	1
284500	1
284786	1
285081	1
285371	1
285661	1
285944	1
286218	1
286494	1
286771	1
287060	1
287361	1
287664	1
287953	1
288234	1
288515	1
288801	1
289084	1
289381	1
289675	1
289979	1
290266	1
290546	1
290822	1
291118	1
291416	1
291704	1
291998	1
292289	1
292575	1
292853	1
293131	1
293420	1
293721	1
294019	1
294304	1
294590	1
294865	1
295151	1
295430	1
295726	1
296021	1
296328	1
296620	1
296897	1
297178	1
297459	1
297746	1
298041	1
298343	1
298636	1
298928	1
299214	1
299492	1
299764	1
300060	1
300368	1
300670	1
300948	1
301219	1
301503	1
301790	1
302072	1
302355	1
302653	1
302956	1
303249	1
303511	1
303781	1
304074	1
304370	1
304647	1
304932	1
305219	1
305506	1
305717	13
306044	1
306345	1
306649	1
306952	1
307242	1
307522	1
307753	13
308071	1
308358	1
308633	1
308920	1
309225	1
309524	1
309788	1
310061	1
310341	1
310635	1
310923	1
311207	1
311496	1
311791	1
312070	1
312336	1
312613	1
312834	13
313202	1
313517	1
313816	1
314099	1
314381	1
314673	1
314960	1
315254	1
315550	1
315851	1
316144	1
316423	1
316701	1
316989	1
317274	1
317569	1
317793	13
318153	1
318446	1
318737	1
319019	1
319231	13
319595	1
319913	1
320213	1
320502	1
320794	1
321080	1
321380	1
321672	1
321976	1
322283	1
322581	1
322865	1
323146	1
323434	1
323739	1
324053	1
324349	1
324649	1
324938	1
325224	1
325503	1
325791	1
326097	1
326404	1
326706	1
326995	1
327285	1
327574	1
327867	1
328158	1
328460	1
328762	1
329065	1
329347	1
329627	1
329921	1
330225	1
330532	1
330828	1
331132	1
331419	1
331713	1
331997	1
332287	1
332597	1
332906	1
333207	1
333487	1
333776	1
334064	1
334356	1
334652	1
334952	1
335257	1
335551	1
335831	1
336108	1
336394	1
336688	1
336988	1
337290	1
337579	1
337871	1
338154	1
338440	1
338729	1
339033	1
339335	1
339643	1
339934	1
340213	1
340500	1
340788	1
341083	1
341387	1
341692	1
341982	1
342274	1
342555	1
342830	1
343124	1
343418	1
343714	1
344003	1
344287	1
344565	1
344851	1
345137	1
345424	1
345731	1
346026	1
346317	1
346605	1
346812	13
347156	1
347463	1
347767	1
348071	1
348375	1
348666	1
348943	1
349230	1
349511	1
349813	1
350120	1
350418	1
350701	1
350988	1
351273	1
351489	13
351829	1
352123	1
352424	1
352719	1
352995	1
353265	1
353557	1
353840	1
354137	1
354434	1
354726	1
355024	1
355311	1
355588	1
355866	1
356173	1
356472	1
356766	1
357054	1
357336	1
357619	1
357909	1
358194	1
358491	1
358797	1
359095	1
359373	1
359642	1
359911	1
360190	1
360479	1
360772	1
361060	1
361352	1
361634	1
361902	1
362171	1
362459	1
362740	1
363035	1
363327	1
363614	1
363886	1
364166	1
364455	1
364739	1
365030	1
365338	1
365648	1
365923	1
366200	1
366491	1
366786	1
367072	1
367372	1
367682	1
367968	1
368256	1
368539	1
368832	1
369118	1
369418	1
369723	1
370019	1
370287	1
370565	1
370850	1
371140	1
371414	1
371712	1
372015	1
372308	1
372566	1
372843	1
373132	1
373436	1
373721	1
374008	1
374312	1
374603	1
374863	1
375133	1
375420	1
375724	1
376006	1
376296	1
376584	1
376869	1
377089	13
377413	1
377708	1
378013	1
378317	1
378616	1
378894	1
379167	1
379448	1
379739	1
380032	1
380320	1
380619	1
380907	1
381181	1
381461	1
381733	1
382023	1
382317	1
382616	1
382903	1
383191	1
383466	1
383752	1
384035	1
384325	1
384623	1
384924	1
385214	1
385495	1
385777	1
386058	1
386357	1
386658	1
386949	1
387250	1
387541	1
387820	1
388093	1
388381	1
388680	1
388988	1
389286	1
389571	1
389868	1
390158	1
390442	1
390739	1
391048	1
391353	1
391649	1
391932	1
392212	1
392502	1
392789	1
393085	1
393386	1
393682	1
393965	1
394252	1
394528	1
394809	1
395104	1
395410	1
395705	1
395997	1
396276	1
396561	1
396854	1
397142	1
397344	13
397713	1
398015	1
398302	1
398577	1
398862	1
399147	1
399444	1
399738	1
400032	1
400330	1
400607	1
400886	1
401172	1
401461	1
401766	1
402069	1
402369	1
402654	1
402941	1
403224	1
403517	1
403813	1
404109	1
404412	1
404705	1
404988	1
405263	1
405552	1
405844	1
406139	1
406433	1
406724	1
407014	1
407297	1
407568	1
407857	1
408159	1
408460	1
408754	1
409038	1
409322	1
409605	1
409889	1
410185	1
410485	1
410790	1
411080	1
411361	1
411641	1
411924	1
412214	1
412520	1
412825	1
413117	1
413410	1
413700	1
413977	1
414258	1
414549	1
414856	1
415151	1
415439	1
415712	1
416002	1
416284	1
416564	1
416858	1
417161	1
417453	1
417737	1
418015	1
418292	1
418585	1
418874	1
419164	1
419462	1
419753	1
420030	1
420310	1
420592	1
420882	1
421181	1
421482	1
421775	1
422003	13
422329	1
422612	1
422827	13
423172	1
423470	1
423776	1
424072	1
424348	1
424624	1
424902	1
425196	1
425500	1
425797	1
426086	1
426389	1
426669	1
426947	1
427233	1
427531	1
427836	1
428137	1
428421	1
428707	1
429000	1
429284	1
429567	1
429875	1
430174	1
430478	1
430762	1
431043	1
431324	1
431623	1
431919	1
432217	1
432517	1
432807	1
433090	1
433373	1
433656	1
433850	13
434220	1
434521	1
434819	1
435104	1
435379	1
435667	1
435959	1
436158	13
436521	1
436828	1
437126	1
437409	1
437690	1
437973	1
438276	1
438579	1
438873	1
439166	1
439462	1
439748	1
440031	1
440321	1
440630	1
440942	1
441239	1
441527	1
441823	1
442117	1
442414	1
442631	13
443001	1
443313	1
443615	1
443896	1
444184	1
444482	1
444713	13
445069	1
445371	1
445666	1
445956	1
446235	1
446515	1
446808	1
447113	1
447410	1
447704	1
447988	1
448272	1
448556	1
448843	1
449146	1
449450	1
449756	1
450046	1
450334	1
450615	1
450903	1
451201	1
451509	1
451814	1
452109	1
452398	1
452686	1
452967	1
453258	1
453553	1
453860	1
454162	1
454452	1
454659	13
455005	1
455302	1
455596	1
455896	1
456198	1
456496	1
456779	1
457054	1
457341	1
457643	1
457945	1
458177	13
458532	1
458824	1
459112	1
459389	1
459672	1
459975	1
460283	1
460580	1
460866	1
461157	1
461441	1
461729	1
462022	1
462323	1
462629	1
462927	1
463206	1
463489	1
463773	1
464057	1
464369	1
464672	1
464968	1
465265	1
465547	1
465828	1
466113	1
466412	1
466716	1
467019	1
467316	1
467597	1
467886	1
468173	1
468467	1
468770	1
469074	1
469371	1
469669	1
469950	1
470239	1
470538	1
470845	1
471147	1
471452	1
471735	1
472027	1
472312	1
472597	1
472895	1
473210	1
473507	1
473800	1
474082	1
474371	1
474661	1
474951	1
475246	1
475556	1
475859	1
476144	1
476425	1
476714	1
477008	1
477316	1
477613	1
477906	1
478203	1
478489	1
478765	1
479048	1
479340	1
479641	1
479939	1
480226	1
480502	1
480788	1
481065	1
481349	1
481649	1
481949	1
482247	1
482533	1
482809	1
483079	1
483359	1
483643	1
483939	1
484229	1
484515	1
484794	1
485081	1
485361	1
485649	1
485947	1
486261	1
486565	1
486852	1
487137	1
487432	1
487727	1
488027	1
488328	1
488644	1
488939	1
489222	1
489505	1
489797	1
490099	1
490402	1
490703	1
491003	1
491295	1
491578	1
491858	1
492154	1
492453	1
492759	1
493054	1
493348	1
493632	1
493922	1
494208	1
494499	1
494798	1
495094	1
495378	1
495657	1
495933	1
496210	1
496508	1
496721	13
497083	1
497385	1
497673	1
497953	1
498238	1
498526	1
498820	1
499123	1
499426	1
499710	1
499995	1
500276	1
500557	1
500856	1
501154	1
501457	1
501754	1
502047	1
502325	1
502609	1
502896	1
503199	1
503505	1
503802	1
504089	1
504382	1
504662	1
504944	1
505235	1
505537	1
505838	1
506133	1
506406	1
506687	1
506977	1
507264	1
507561	1
507863	1
508168	1
508464	1
508752	1
509027	1
509327	1
509632	1
509932	1
510229	1
510528	1
510813	1
511101	1
511379	1
511668	1
511979	1
512286	1
512576	1
512859	1
513144	1
513432	1
513728	1
514022	1
514326	1
514636	1
514927	1
515203	1
515484	1
515770	1
516073	1
516380	1
516675	1
516979	1
517274	1
517562	1
517840	1
518136	1
518435	1
518742	1
519037	1
519316	1
519602	1
519890	1
520158	1
520471	1
520777	1
520990	13
521350	1
521636	1
521921	1
522217	1
522520	1
522823	1
523125	1
523425	1
523716	1
524007	1
524288	1
524586	1
524899	1
525206	1
525500	1
525789	1
526073	1
526364	1
526655	1
526949	1
527252	1
527557	1
527846	1
528127	1
528411	1
528697	1
529000	1
529301	1
529608	1
529905	1
530199	1
530480	1
530771	1
531066	1
531366	1
531676	1
531976	1
532265	1
532552	1
532836	1
533130	1
533424	1
533728	1
534021	1
534316	1
534601	1
534881	1
535169	1
535467	1
535776	1
536075	1
536373	1
536653	1
536939	1
537220	1
537514	1
537818	1
538123	1
538430	1
538716	1
539001	1
539286	1
539583	1
539883	1
540180	1
540480	1
540777	1
541060	1
541342	1
541624	1
541925	1
542235	1
542538	1
542834	1
543124	1
543416	1
543697	1
543991	1
544294	1
544598	1
544903	1
545190	1
545464	1
545749	1
546031	1
546315	1
546608	1
546800	10
547208	1
547490	1
547766	1
548040	1
548343	1
548641	1
548934	1
549226	1
549510	1
549792	1
550078	1
550357	1
550648	1
550960	1
551262	1
551540	1
551823	1
552105	1
552393	1
552688	1
552983	1
553291	1
553597	1
553885	1
554163	1
554447	1
554732	1
555035	1
555332	1
555622	1
555923	1
556212	1
556494	1
556774	1
557064	1
557369	1
557676	1
557970	1
558246	1
558536	1
558821	1
559111	1
559404	1
559704	1
560006	1
560304	1
560584	1
560855	1
561150	1
561444	1
561741	1
562028	1
562317	1
562600	1
562820	13
563150	1
563432	1
563739	1
564038	1
564328	1
564610	1
564891	1
565172	1
565461	1
565749	1
566049	1
566268	13
566624	1
566907	1
567193	1
567388	13
567729	1
568035	1
568335	1
568633	1
568928	1
569212	1
569490	1
569771	1
570066	1
570374	1
570676	1
570965	1
571254	1
571546	1
571839	1
572130	1
572436	1
572739	1
573048	1
573336	1
573616	1
573902	1
574201	1
574438	13
574794	1
575104	1
575395	1
575686	1
575967	1
576257	1
576559	1
576871	1
577171	1
577464	1
577749	1
578033	1
578319	1
578609	1
578909	1
579213	1
579456	13
579799	1
580083	1
580365	1
580656	1
580956	1
581254	1
581551	1
581843	1
582127	1
582403	1
582677	1
582928	1
583247	1
583547	1
583830	1
584106	1
584371	1
584643	1
584911	1
585183	1
585463	1
585739	1
586019	1
586284	1
586533	1
586779	1
587039	1
587307	1
587580	1
587851	1
588121	1
588385	1
588651	1
588914	1
589185	1
589462	1
589755	1
590049	1
590325	1
590596	1
590872	1
591152	1
591426	1
591715	1
592008	1
592296	1
592580	1
592862	1
593076	13
593395	1
593692	1
593999	1
594288	1
594571	1
594863	1
595135	1
595410	1
595698	1
596000	1
596286	1
596592	1
596888	1
597144	1
597410	1
597678	1
597933	1
598194	1
598466	1
598721	1
598977	1
599230	1
599477	1
599712	1
599961	1
600223	1
600492	1
600747	1
601019	1
601281	1
601545	1
601807	1
602072	1
602338	1
602619	1
602902	1
603187	1
603463	1
603730	1
603997	1
604285	1
604572	1
604853	1
605157	1
605467	1
605745	1
606016	1
606301	1
606596	1
606888	1
607187	1
607483	1
607775	1
608052	1
608317	1
608584	1
608862	1
609145	1
609434	1
609724	1
609996	1
610270	1
610553	1
610831	1
611117	1
611408	1
611704	1
611995	1
612272	1
612548	1
612828	1
613116	1
613408	1
613702	1
613992	1
614268	1
614547	1
614824	1
615098	1
615379	1
615685	1
615976	1
616258	1
616535	1
616811	1
617094	1
617375	1
617663	1
617958	1
618256	1
618537	1
618813	1
619090	1
619371	1
619661	1
619960	1
620258	1
620549	1
620834	1
621110	1
621387	1
621669	1
621952	1
622255	1
622550	1
622832	1
623097	1
623376	1
623647	1
623926	1
624199	1
624490	1
624773	1
625057	1
625318	1
625587	1
625862	1
626147	1
626436	1
626724	1
627008	1
627289	1
627563	1
627835	1
628111	1
628399	1
628697	1
628989	1
629179	13
629503	1
629769	1
630036	1
630298	1
630570	1
630846	1
631118	1
631385	1
631644	1
631907	1
632165	1
632423	1
632696	1
632967	1
633237	1
633507	1
633776	1
634036	1
634292	1
634554	1
634835	1
635115	1
635403	1
635693	1
635974	1
636247	1
636528	1
636820	1
637114	1
637408	1
637712	1
638006	1
638291	1
638569	1
638854	1
639149	1
639455	1
639753	1
640048	1
640337	1
640623	1
640909	1
641186	1
641488	1
641785	1
642074	1
642345	1
642622	1
642896	1
643172	1
643447	1
643730	1
644014	1
644295	1
644556	1
644816	1
645071	1
645329	1
645590	1
645872	1
646140	1
646402	1
646667	1
646925	1
647176	1
647422	1
647680	1
647943	1
648212	1
648486	1
648741	1
648986	1
649240	1
649493	1
649742	1
