108065	1
108370	1
108672	1
108952	1
109230	1
109524	1
109816	1
110114	1
110405	1
110709	1
110777	10
111004	13
111277	1
111575	1
111707	10
111863	10
111935	10
112088	10
112159	10
112253	13
112464	10
112604	10
112764	13
112944	10
113055	13
113185	10
113337	10
113452	10
113620	13
113768	10
113917	13
114205	1
114513	1
114665	10
114784	10
114888	13
114984	13
115140	13
115281	10
115414	13
115515	13
115587	10
115665	10
115825	10
115963	13
116055	10
116253	10
116375	13
116544	10
116676	13
116844	10
116949	13
117147	10
117296	10
117440	13
117551	10
117651	10
117719	10
117817	10
117929	10
118005	13
118147	10
118195	10
118298	13
118495	10
118588	10
118818	10
118890	13
119080	13
119191	13
119492	1
119669	10
119770	10
119865	10
120053	13
120207	10
120347	13
120474	13
120633	13
120931	1
121234	1
121537	1
121823	1
122099	1
122393	1
122682	1
122971	1
123270	1
123577	1
123872	1
124152	1
124442	1
124729	1
125019	1
125321	1
125622	1
125925	1
126206	1
126486	1
126780	1
127066	1
127361	1
127664	1
127971	1
128259	1
128536	1
128846	1
129114	1
129388	1
129674	1
129958	1
130244	1
130510	1
130779	1
131064	1
131338	1
131620	1
131909	1
132210	1
132496	1
132769	1
133056	1
133342	1
133630	1
133926	1
134226	1
134535	1
134816	1
135095	1
135395	1
135686	1
135984	1
136292	1
136594	1
136888	1
137168	1
137467	1
137726	1
138015	1
138314	1
138619	1
138917	1
139197	1
139485	1
139775	1
140061	1
140363	1
140664	1
140968	1
141277	1
141554	1
141841	1
142121	1
142407	1
142703	1
143011	1
143300	1
143569	1
143864	1
144150	1
144442	1
144742	1
145055	1
145356	1
145644	1
145945	1
146205	1
146492	1
146792	1
147092	1
147399	1
147684	1
147966	1
148257	1
148539	1
148832	1
149135	1
149443	1
149733	1
150011	1
150307	1
150592	1
150875	1
151173	1
151482	1
151747	1
152003	1
152293	1
152584	1
152871	1
153165	1
153464	1
153774	1
154070	1
154358	1
154652	1
154943	1
155210	1
155509	1
155821	1
156120	1
156399	1
156693	1
156977	1
157256	1
157553	1
157857	1
158159	1
158446	1
158709	1
158995	1
159286	1
159595	1
159911	1
160196	1
160486	1
160766	1
161059	1
161342	1
161625	1
161923	1
162232	1
162533	1
162816	1
163107	1
163396	1
163677	1
163939	1
164232	1
164547	1
164838	1
165123	1
165422	1
165710	1
166008	1
166280	1
166589	1
166887	1
167168	1
167462	1
167747	1
168027	1
168321	1
168628	1
168929	1
169217	1
169505	1
169792	1
170073	1
170368	1
170636	1
170919	1
171224	1
171508	1
171800	1
172080	1
172363	1
172660	1
172970	1
173274	1
173569	1
173863	1
174126	1
174405	1
174699	1
175001	1
175309	1
175599	1
175887	1
176174	1
176454	1
176745	1
177045	1
177354	1
177648	1
177932	1
178193	1
178470	1
178749	1
179051	1
179365	1
179675	1
179963	1
180266	1
180530	1
180807	1
181097	1
181398	1
181702	1
181995	1
182285	1
182572	1
182851	1
183139	1
183436	1
183747	1
184014	1
184289	1
184595	1
184880	1
185167	1
185459	1
185778	1
186055	1
186348	1
186641	1
186926	1
187205	1
187495	1
187793	1
188101	1
188396	1
188684	1
188975	1
189253	1
189536	1
189828	1
190086	1
190396	1
190701	1
191002	1
191291	1
191576	1
191839	1
192140	1
192447	1
192740	1
193031	1
193323	1
193599	1
193885	1
194183	1
194494	1
194791	1
195056	1
195353	1
195649	1
195938	1
196210	1
196517	1
196818	1
197109	1
197406	1
197692	1
197969	1
198258	1
198556	1
198863	1
199161	1
199424	1
199717	1
200008	1
200301	1
200578	1
200890	1
201188	1
201478	1
201778	1
202059	1
202333	1
202620	1
202925	1
203229	1
203521	1
203821	1
204087	1
204348	1
204643	1
204957	1
205269	1
205541	1
205835	1
206129	1
206407	1
206690	1
206981	1
207289	1
207591	1
207881	1
208182	1
208467	1
208738	1
209006	1
209290	1
209607	1
209909	1
210225	1
210491	1
210768	1
211054	1
211344	1
211651	1
211947	1
212242	1
212539	1
212817	1
213095	1
213382	1
213673	1
213959	1
214276	1
214595	1
214855	10
215131	1
215413	1
215708	1
216016	1
216312	1
216611	1
216903	1
217177	1
217451	1
217721	1
218054	1
218339	1
218632	1
218935	1
219215	1
219492	1
219776	1
220078	1
220382	1
220676	1
220980	1
221266	1
221547	1
221849	1
222122	1
222427	1
222725	1
223025	1
223321	1
223598	1
223881	1
224168	1
224475	1
224753	1
225047	1
225369	1
225671	1
225919	10
226204	1
226503	1
226804	1
227100	1
227407	1
227696	1
227973	1
228256	1
228543	1
228835	1
229126	1
229434	1
229750	1
230012	1
230292	1
230579	1
230883	1
231184	1
231479	1
231785	1
232069	1
232341	1
232622	1
232920	1
233205	1
233492	1
233813	1
234121	1
234379	1
234662	1
234950	1
235250	1
235549	1
235851	1
236148	1
236428	1
236711	1
236993	1
237287	1
237593	1
237904	1
238200	1
238487	1
238759	1
239041	1
239339	1
239637	1
239932	1
240242	1
240536	1
240806	1
241090	1
241400	1
241677	1
241973	1
242279	1
242579	1
242858	1
243142	1
243427	1
243724	1
244023	1
244304	1
244621	1
244932	1
245185	10
245465	1
245762	1
246063	1
246357	1
246670	1
246965	1
247239	1
247520	1
247785	1
248092	1
248416	1
248692	1
248992	1
249275	1
249558	1
249842	1
250141	1
250436	1
250733	1
251044	1
251332	1
251579	10
251883	1
252161	1
252458	1
252754	1
253062	1
253363	1
253643	1
253925	1
254211	1
254507	1
254801	1
255097	1
255415	1
255717	1
255977	1
256259	1
256552	1
256847	1
257143	1
257456	1
257749	1
258025	1
258304	1
258600	1
258891	1
259187	1
259498	1
259797	1
260079	1
260360	1
260641	1
260937	1
261233	1
261493	1
261815	1
262102	1
262381	1
262665	1
262958	1
263249	1
263545	1
263858	1
264146	1
264442	1
264708	1
264999	1
265292	1
265585	1
265896	1
266199	1
266484	1
266766	1
267049	1
267334	1
267628	1
267950	1
268242	1
268529	1
268814	1
269096	1
269390	1
269678	1
269972	1
270290	1
270585	1
270863	1
271116	10
271414	1
271711	1
272015	1
272306	1
272607	1
272893	1
273176	1
273458	1
273749	1
274041	1
274344	1
274653	1
274944	1
275208	1
275499	1
275813	1
276081	1
276374	1
276688	1
276984	1
277264	1
277547	1
277835	1
278123	1
278414	1
278725	1
279053	1
279316	1
279601	1
279885	1
280172	1
280459	1
280763	1
281071	1
281365	1
281653	1
281936	1
282228	1
282515	1
282806	1
283122	1
283423	1
283702	1
283985	1
284277	1
284565	1
284848	1
285163	1
285467	1
285757	1
286042	1
286324	1
286612	1
286897	1
287199	1
287520	1
287800	1
288090	1
288373	1
288661	1
288946	1
289238	1
289554	1
289852	1
290127	1
290416	1
290726	1
290997	1
291281	1
291595	1
291901	1
292186	1
292470	1
292754	1
293039	1
293300	1
293615	1
293945	1
294213	1
294507	1
294790	1
295079	1
295360	1
295649	1
295962	1
296260	1
296530	1
296830	1
297115	1
297400	1
297683	1
297995	1
298301	1
298590	1
298876	1
299163	1
299440	1
299739	1
300033	1
300341	1
300635	1
300929	1
301214	1
301500	1
301781	1
302075	1
302391	1
302679	1
302973	1
303258	1
303549	1
303832	1
304114	1
304427	1
304732	1
305018	1
305308	1
305597	1
305883	1
306165	1
306467	1
306774	1
307070	1
307369	1
307646	1
307935	1
308213	1
308504	1
308813	1
309107	1
309407	1
309689	1
309993	1
310270	1
310551	1
310860	1
311163	1
311454	1
311743	1
312035	1
312306	1
312594	1
312926	1
313205	1
313499	1
313798	1
314085	1
314371	1
314650	1
314941	1
315241	1
315555	1
315841	1
316133	1
316424	1
316702	1
316982	1
317293	1
317594	1
317879	1
318177	1
318492	1
318755	1
319034	1
319333	1
319637	1
319934	1
320228	1
320517	1
320814	1
321107	1
321375	1
321680	1
321975	1
322276	1
322568	1
322858	1
323142	1
323434	1
323720	1
324019	1
324313	1
324609	1
324905	1
325186	1
325476	1
325778	1
326067	1
326361	1
326657	1
326952	1
327238	1
327514	1
327817	1
328123	1
328405	1
328704	1
328998	1
329290	1
329566	1
329851	1
330159	1
330467	1
330748	1
331045	1
331338	1
331618	1
331894	1
332195	1
332493	1
332788	1
333083	1
333366	1
333661	1
333940	1
334234	1
334531	1
334819	1
335122	1
335447	1
335715	1
335993	1
336276	1
336575	1
336869	1
337168	1
337459	1
337766	1
338065	1
338323	1
338621	1
338915	1
339211	1
339509	1
339810	1
340095	1
340373	1
340684	1
340964	1
341260	1
341561	1
341861	1
342152	1
342429	1
342715	1
343010	1
343322	1
343608	1
343906	1
344207	1
344486	1
344762	1
345063	1
345359	1
345654	1
345952	1
346253	1
346537	1
346813	1
347109	1
347402	1
347696	1
348004	1
348294	1
348588	1
348867	1
349152	1
349447	1
349741	1
350043	1
350345	1
350644	1
350923	1
351203	1
351497	1
351786	1
352081	1
352382	1
352685	1
352972	1
353246	1
353543	1
353834	1
354122	1
354423	1
354729	1
355001	1
355292	1
355579	1
355867	1
356160	1
356463	1
356762	1
357064	1
357344	1
357626	1
357909	1
358209	1
358481	1
358807	1
359113	1
359396	1
359672	1
359969	1
360254	1
360545	1
360819	1
361141	1
361429	1
361705	1
361999	1
362287	1
362573	1
362873	1
363175	1
363468	1
363761	1
364070	1
364333	1
364619	1
364920	1
365221	1
365531	1
365819	1
366098	1
366390	1
366674	1
366960	1
367263	1
367570	1
367864	1
368144	1
368438	1
368730	1
369007	1
369307	1
369613	1
369914	1
370198	1
370484	1
370772	1
371062	1
371355	1
371658	1
371964	1
372251	1
372532	1
372826	1
373111	1
373402	1
373727	1
374011	1
374305	1
374583	1
374880	1
375164	1
375446	1
375732	1
376051	1
376348	1
376633	1
376924	1
377210	1
377494	1
377792	1
378093	1
378387	1
378682	1
378989	1
379260	1
379538	1
379828	1
380130	1
380441	1
380736	1
381017	1
381295	1
381601	1
381867	1
382162	1
382472	1
382772	1
383056	1
383349	1
383635	1
383899	1
384203	1
384532	1
384812	1
385104	1
385393	1
385679	1
385961	1
386253	1
386554	1
386871	1
387155	1
387439	1
387733	1
388014	1
388293	1
388591	1
388902	1
389209	1
389488	1
389786	1
390070	1
390346	1
390633	1
390939	1
391246	1
391542	1
391828	1
392114	1
392392	1
392683	1
392981	1
393289	1
393590	1
393896	1
394167	1
394446	1
394730	1
395024	1
395337	1
395636	1
395919	1
396231	1
396502	1
396776	1
397068	1
397374	1
397677	1
397970	1
398268	1
398558	1
398848	1
399115	1
399414	1
399721	1
400016	1
400312	1
400603	1
400881	1
401157	1
401469	1
401772	1
402071	1
402360	1
402658	1
402940	1
403214	1
403502	1
403812	1
404100	1
404404	1
404707	1
404992	1
405266	1
405552	1
405849	1
406154	1
406449	1
406748	1
407038	1
407335	1
407599	1
407891	1
408200	1
408498	1
408794	1
409092	1
409368	1
409646	1
409937	1
410244	1
410546	1
410838	1
411142	1
411427	1
411698	1
411993	1
412283	1
412587	1
412880	1
413187	1
413475	1
413750	1
414034	1
414337	1
414628	1
414926	1
415226	1
415521	1
415800	1
416084	1
416378	1
416678	1
416976	1
417272	1
417576	1
417859	1
418134	1
418418	1
418716	1
419015	1
419312	1
419623	1
419913	1
420186	1
420466	1
420761	1
421061	1
421342	1
421665	1
421978	1
422234	10
422518	1
422801	1
423102	1
423402	1
423701	1
424004	1
424270	1
424568	1
424843	1
425145	1
425443	1
425738	1
426050	1
426336	1
426608	1
426880	1
427187	1
427481	1
427778	1
428089	1
428384	1
428662	1
428944	1
429231	1
429530	1
429830	1
430130	1
430433	1
430713	1
430997	1
431281	1
431577	1
431875	1
432188	1
432482	1
432773	1
433048	1
433329	1
433625	1
433919	1
434223	1
434545	1
434825	1
435102	1
435382	1
435668	1
435963	1
436259	1
436578	1
436870	1
437155	1
437437	1
437720	1
438015	1
438308	1
438609	1
438929	1
439204	1
439485	1
439767	1
440062	1
440355	1
440651	1
440966	1
441262	1
441536	1
441816	1
442108	1
442397	1
442689	1
443004	1
443303	1
443570	1
443879	1
444147	1
444438	1
444730	1
445036	1
445342	1
445632	1
445918	1
446187	1
446492	1
446775	1
447072	1
447385	1
447680	1
447962	1
448244	1
448535	1
448823	1
449114	1
449449	1
449731	1
450012	1
450293	1
450582	1
450866	1
451154	1
451467	1
451761	1
452067	1
452347	1
452628	1
452917	1
453206	1
453506	1
453815	1
454110	1
454401	1
454701	1
454972	1
455256	1
455549	1
455864	1
456160	1
456446	1
456732	1
457030	1
457305	1
457590	1
457904	1
458206	1
458494	1
458779	1
459071	1
459366	1
459635	1
459943	1
460249	1
460545	1
460840	1
461122	1
461419	1
461692	1
461984	1
462299	1
462597	1
462885	1
463171	1
463462	1
463746	1
464029	1
464347	1
464648	1
464937	1
465224	1
465510	1
465794	1
466060	1
466392	1
466683	1
466977	1
467269	1
467554	1
467840	1
468123	1
468418	1
468706	1
469016	1
469308	1
469594	1
469885	1
470166	1
470449	1
470762	1
471060	1
471349	1
471618	1
471935	1
472203	1
472482	1
472790	1
473092	1
473385	1
473677	1
473965	1
474240	1
474522	1
474824	1
475130	1
475427	1
475726	1
476015	1
476304	1
476582	1
476869	1
477187	1
477473	1
477771	1
478062	1
478354	1
478634	1
478911	1
479222	1
479520	1
479812	1
480109	1
480403	1
480683	1
480961	1
481264	1
481564	1
481870	1
482154	1
482446	1
482734	1
483013	1
483302	1
483605	1
483914	1
484216	1
484500	1
484792	1
485070	1
485352	1
485653	1
485948	1
486254	1
486542	1
486837	1
487120	1
487395	1
487697	1
487996	1
488289	1
488580	1
488904	1
489171	1
489449	1
489744	1
490041	1
490338	1
490640	1
490912	1
491220	1
491493	1
491775	1
492077	1
492371	1
492671	1
492971	1
493270	1
493547	1
493807	1
494122	1
494413	1
494706	1
495005	1
495305	1
495591	1
495867	1
496163	1
496459	1
496734	1
497056	1
497344	1
497635	1
497916	1
498200	1
498493	1
498786	1
499089	1
499382	1
499690	1
499993	1
500248	13
500544	1
500835	1
501129	1
501432	1
501736	1
502019	1
502301	1
502615	1
502878	1
503170	1
503471	1
503778	1
504069	1
504346	1
504642	1
504946	1
505219	1
505520	1
505823	1
506120	1
506399	1
506685	1
506976	1
507265	1
507566	1
507866	1
508173	1
508453	1
508732	1
509027	1
509312	1
509607	1
509930	1
510214	1
510502	1
510780	1
511075	1
511360	1
511647	1
511946	1
512255	1
512553	1
512833	1
513123	1
513412	1
513697	1
513995	1
514298	1
514581	1
514889	1
515161	1
515450	1
515731	1
516030	1
516332	1
516639	1
516930	1
517207	1
517480	1
517786	1
518056	1
518356	1
518667	1
518964	1
519246	1
519540	1
519825	1
520101	1
520399	1
520731	1
521015	1
521301	1
521588	1
521878	1
522157	1
522453	1
522757	1
523067	1
523379	1
523638	10
523931	1
524212	1
524500	1
524799	1
525109	1
525405	1
525698	1
525983	1
526264	1
526543	1
526838	1
527147	1
527449	1
527740	1
528025	1
528316	1
528597	1
528887	1
529189	1
529498	1
529789	1
530076	1
530366	1
530661	1
530932	1
531234	1
531541	1
531834	1
532126	1
532415	1
532689	1
532977	1
533273	1
533584	1
533882	1
534169	1
534465	1
534748	1
535023	1
535297	1
535631	1
535920	1
536211	1
536509	1
536796	1
537072	1
537357	1
537656	1
537935	1
538248	1
538530	1
538822	1
539100	1
539385	1
539680	1
539988	1
540285	1
540563	1
540860	1
541161	1
541425	1
541711	1
542017	1
542322	1
542613	1
542918	1
543202	1
543466	1
543771	1
544061	1
544367	1
544662	1
544964	1
545252	1
545527	1
545813	1
546104	1
546431	1
546706	1
547005	1
547300	1
547578	1
547861	1
548151	1
548471	1
548778	1
549051	1
549355	1
549637	1
549912	1
550195	1
550497	1
550816	1
551095	1
551403	1
551695	1
551967	1
552250	1
552544	1
552850	1
553165	1
553449	1
553743	1
554021	1
554304	1
554590	1
554894	1
555191	1
555512	1
555794	1
556074	1
556353	1
556638	1
556939	1
557237	1
557521	1
557850	1
558128	1
558403	1
558682	1
558978	1
559281	1
559576	1
559886	1
560161	1
560458	1
560729	1
561015	1
561311	1
561609	1
561914	1
562213	1
562493	1
562778	1
563037	1
563350	1
563640	1
563938	1
564247	1
564535	1
564813	1
565096	1
565391	1
565685	1
565959	1
566296	1
566581	1
566855	1
567135	1
567426	1
567720	1
568012	1
568325	1
568629	1
568913	1
569189	1
569473	1
569763	1
570055	1
570362	1
570665	1
570953	1
571235	1
571525	1
571815	1
572107	1
572404	1
572716	1
573009	1
573289	1
573571	1
573864	1
574179	1
574448	1
574764	1
575061	1
575341	1
575623	1
575909	1
576200	1
576506	1
576801	1
577106	1
577392	1
577676	1
577960	1
578249	1
578528	1
578834	1
579150	1
579444	1
579734	1
580016	1
580309	1
580594	1
580886	1
581190	1
581499	1
581801	1
582064	1
582357	1
582640	1
582929	1
583247	1
583549	1
583836	1
584096	1
584389	1
584675	1
584960	1
585266	1
585572	1
585866	1
586156	1
586440	1
586727	1
586994	1
587295	1
587632	1
587907	1
588199	1
588482	1
588775	1
589058	1
589343	1
589658	1
589945	1
590227	1
590546	1
590813	1
591096	1
591378	1
591690	1
591992	1
592283	1
592573	1
592858	1
593161	1
593425	1
593724	1
594032	1
594329	1
594625	1
594910	1
595199	1
595481	1
595793	1
596078	1
596375	1
596672	1
596960	1
597250	1
597529	1
597809	1
598131	1
598424	1
598714	1
599007	1
599300	1
599580	1
599860	1
600167	1
600469	1
600760	1
601054	1
601345	1
601630	1
601909	1
602205	1
602510	1
602806	1
603105	1
603419	1
603689	1
603966	1
604253	1
604556	1
604851	1
605151	1
605445	1
605723	1
606016	1
606291	1
606594	1
606893	1
607189	1
607487	1
607784	1
608066	1
608343	1
608640	1
608944	1
609262	1
609534	1
609830	1
610118	1
610395	1
610686	1
610987	1
611284	1
611586	1
611876	1
612177	1
612450	1
612735	1
613035	1
613328	1
613629	1
613928	1
614226	1
614506	1
614776	1
615082	1
615378	1
615672	1
615971	1
616274	1
616558	1
616835	1
617132	1
617424	1
617721	1
618036	1
618318	1
618611	1
618888	1
619177	1
619471	1
619765	1
620066	1
620355	1
620681	1
620940	13
621223	1
621514	1
621801	1
622106	1
622409	1
622709	1
622987	1
623271	1
623565	1
623854	1
624148	1
624450	1
624759	1
625046	1
625311	1
625607	1
625931	1
626192	1
626493	1
626800	1
627095	1
627371	1
627664	1
627954	1
628234	1
628540	1
628842	1
629141	1
629421	1
629708	1
629995	1
630279	1
630582	1
630883	1
631181	1
631467	1
631767	1
632047	1
632330	1
632620	1
632922	1
633234	1
633527	1
633805	1
634101	1
634374	1
634657	1
634981	1
635274	1
635573	1
635857	1
636148	1
636432	1
636714	1
637010	1
637312	1
637620	1
637906	1
638195	1
638483	1
638763	1
639060	1
639363	1
639672	1
639964	1
640253	1
640563	1
640820	10
641103	1
641403	1
641716	1
642012	1
642296	1
642595	1
642875	1
643155	1
643450	1
643758	1
644059	1
644346	1
644640	1
644926	1
645205	1
645504	1
645796	1
646103	1
646398	1
646689	1
646976	1
647254	1
647545	1
647845	1
648177	1
648449	1
648737	1
649029	1
649307	1
649587	1
649883	1
