108103	10
108330	10
108542	10
108788	13
109023	13
109254	10
109466	13
109691	10
109887	10
110131	10
110344	10
110551	10
110733	10
111009	13
111231	10
111488	10
111709	13
111911	10
112111	13
112315	13
112518	13
112746	10
112978	10
113066	13
113215	10
113311	10
113411	10
113646	10
113843	10
114102	13
114282	13
114531	13
114729	13
114941	13
115153	10
115385	10
115622	10
115848	10
116035	13
116271	13
116431	13
116671	13
116855	10
117130	10
117307	10
117588	10
117815	13
118026	10
118219	10
118453	13
118631	10
118891	13
119106	13
119334	10
119547	13
119794	13
120010	13
120263	10
120438	10
120682	13
120887	10
121107	13
121281	13
121556	10
121767	10
122051	13
122278	13
122493	13
122706	13
122952	13
123122	13
123399	13
123621	10
123847	10
124086	13
124331	10
124534	10
124796	13
124971	13
125231	13
125451	13
125693	10
125932	10
126176	13
126420	13
126651	13
126868	13
127087	10
127286	10
127551	13
127741	10
128017	10
128198	10
128498	10
128749	10
128991	13
129223	13
129426	13
129645	13
129880	13
130096	10
130349	10
130593	13
130852	13
131050	10
131294	10
131474	10
131763	10
131998	13
132244	10
132477	13
132713	13
132938	10
133105	13
133428	1
133626	10
133887	13
134120	13
134345	10
134607	10
134892	10
135140	10
135371	13
135592	13
135829	13
136043	10
136281	13
136529	10
136770	13
137023	13
137253	10
137489	10
137734	13
137958	13
138182	13
138402	13
138634	10
138878	13
139132	13
139390	13
139647	13
139887	13
140114	13
140341	13
140593	10
140811	10
141092	10
141251	10
141580	1
141767	13
142053	10
142220	13
142543	1
142748	10
142977	10
143169	10
143644	1
143836	13
143996	13
144417	1
144601	13
144935	1
145212	10
145493	10
145768	13
146020	10
146277	10
146449	10
146766	1
146947	10
147224	13
147411	10
147721	1
147926	10
148227	1
148484	13
148719	10
148938	13
149166	10
149416	10
149656	13
149910	13
150136	13
150381	10
150621	10
150858	13
151105	13
151354	13
151603	10
151854	13
152125	10
152408	10
152671	10
152930	13
153160	13
153349	13
153623	13
153834	10
154269	1
154467	10
154809	1
155005	13
155322	1
155513	10
155831	1
156004	10
156325	1
156527	10
156847	1
157031	10
157332	1
157507	13
157786	13
157967	10
158302	1
158503	10
158821	1
158999	10
159279	10
159463	10
159762	10
159931	10
160260	1
160523	10
160728	10
160926	10
161390	1
161567	10
161911	1
162169	10
162426	10
162698	13
162979	10
163244	10
163496	10
163729	13
163931	10
164231	10
164419	10
164740	1
164924	10
165254	1
165443	10
165760	1
165944	10
166252	1
166497	13
166739	13
167011	10
167294	10
167564	13
167753	10
168039	13
168231	10
168508	10
168695	10
169018	1
169204	10
169394	13
169738	1
169919	13
170284	1
170537	10
170764	10
171009	13
171275	13
171541	10
171823	10
172063	13
172351	10
172530	10
172866	1
173069	10
173444	1
173654	10
174039	1
174235	10
174607	1
174782	13
175159	1
175351	10
175707	1
175925	10
176309	1
176582	10
176809	13
177042	13
177282	13
177522	13
177783	13
178055	13
178266	13
178534	13
178771	13
178974	10
179267	13
179505	13
179749	10
179966	10
180266	13
180457	10
180776	1
180976	10
181268	13
181437	10
181730	10
181921	13
182281	1
182488	10
182795	1
183043	10
183216	10
183516	13
183711	10
184014	1
184216	10
184532	1
184724	10
185059	1
185244	10
185509	13
185748	13
185984	13
186221	13
186489	10
186779	10
186993	10
187286	10
187445	10
187836	1
188025	10
188375	1
188561	10
188888	1
189239	1
189530	10
189820	13
190089	13
190346	10
190629	10
190950	1
191245	10
191515	10
191781	10
192047	13
192308	10
192577	10
192861	13
193134	10
193390	10
193653	10
193929	10
194178	10
194428	13
194670	13
194927	10
195187	10
195477	10
195762	13
196011	13
196254	13
196494	10
196765	13
197036	13
197310	13
197554	13
197803	10
198053	10
198297	10
198546	13
198802	13
199048	10
199298	10
199575	10
199877	1
200139	10
200391	13
200634	13
200873	13
201106	13
201368	10
201660	10
201927	10
202190	13
202445	13
202638	10
202969	1
203159	10
203471	1
203658	10
203990	1
204196	10
204526	1
204735	13
205019	13
205181	13
205487	1
205695	10
206023	1
206233	10
206522	10
206705	10
206986	10
207171	10
207466	10
207661	10
207895	10
208203	1
208422	10
208739	1
208928	10
209222	13
209397	10
209661	13
209849	10
210171	1
210378	10
210712	1
210897	10
211183	13
211368	10
211676	1
211863	10
212185	1
212394	13
212668	13
212878	10
213212	1
213398	10
213725	1
213879	13
214204	1
214412	10
214789	1
215019	13
215333	1
215521	10
215815	10
215987	10
216309	1
216558	10
216818	10
217131	1
217297	10
217472	10
217904	1
218089	13
218388	13
218638	13
218890	13
219166	10
219384	10
219691	1
219874	10
219990	13
220144	10
220318	10
220647	1
220841	13
221185	1
221376	10
221674	13
221867	10
222159	10
222402	13
222647	10
222878	10
223139	13
223389	10
223660	13
223919	10
224164	13
224388	10
224624	13
224859	13
225113	10
225391	10
225669	13
225903	10
226169	13
226364	10
226690	1
226867	10
227025	10
227204	13
227550	1
227624	13
227837	13
227942	13
228255	1
228449	10
228753	1
228985	13
229216	10
229473	10
229748	10
230019	10
230253	10
230489	13
230728	10
230914	10
231179	10
231371	10
231674	1
231883	10
232164	10
232386	10
232663	10
232899	13
233131	13
233324	10
233562	13
233759	10
234041	13
234252	10
234439	13
234787	1
234975	13
235227	10
235457	10
235705	10
235921	10
236203	13
236392	10
236670	10
236902	13
237130	10
237330	10
237593	13
237785	10
238030	13
238265	10
238523	10
238739	10
238907	10
239241	1
239463	10
239679	13
239863	10
240128	10
240313	13
240621	1
240865	10
241086	13
241275	10
241546	10
241780	13
241991	13
242174	10
242445	13
242694	10
242928	13
243136	10
243409	13
243591	10
243859	13
244065	13
244286	13
244495	10
244787	10
244993	10
245270	10
245498	13
245728	10
245905	10
246142	10
246314	13
246615	1
246862	13
247089	10
247308	10
247594	10
247788	10
248052	13
248256	13
248462	10
248660	10
248911	10
249114	10
249421	1
249656	10
249881	13
250092	10
250315	13
250552	13
250773	10
250986	10
251230	10
251435	10
251714	10
251893	10
252157	10
252396	13
252615	13
252838	10
253044	13
253274	10
253513	10
253796	13
254039	10
254259	13
254477	13
254696	13
254882	13
255137	13
255367	10
255638	10
255842	10
256103	13
256305	10
256584	10
256824	10
257060	13
257247	10
257502	10
257677	13
257983	1
258212	10
258499	10
258727	10
258952	10
259127	10
259396	13
259596	10
259916	1
260188	10
260422	10
260635	13
260887	10
261077	10
261354	13
261547	10
261840	10
262080	10
262332	10
262577	10
262851	10
263049	10
263309	13
263481	10
263771	10
264011	10
264271	10
264543	10
264786	10
265022	10
265246	10
265490	10
265739	13
265984	10
266215	10
266469	10
266729	10
266901	10
267221	1
267424	10
267713	13
267918	10
268177	10
268406	13
268713	1
268925	10
269246	1
269425	10
269722	10
269895	10
270196	1
270399	10
270742	1
271004	13
271252	10
271514	10
271769	13
271986	10
272215	10
272447	13
272694	10
272933	10
273196	10
273465	10
273699	10
273932	13
274150	10
274388	10
274650	10
274912	10
275176	10
275431	10
275680	10
275910	13
276152	10
276404	13
276642	10
276886	10
277103	13
277395	10
277688	10
277935	10
278199	13
278434	13
278649	10
278900	10
279168	10
279440	10
279722	10
279979	10
280223	13
280482	13
280688	10
280997	1
281191	13
281492	1
281726	10
281993	13
282263	13
282518	13
282747	13
282968	13
283174	13
283442	13
283696	10
283974	10
284166	10
284447	13
284627	10
284904	10
285091	10
285396	1
285582	10
285907	1
286161	10
286423	10
286646	10
286922	10
287103	10
287368	13
287536	13
287844	1
288053	10
288388	1
288615	10
288876	10
289051	10
289325	13
289521	10
289677	13
290080	1
290269	10
290570	1
290811	13
291045	10
291279	13
291514	13
291733	10
291962	10
292182	10
292450	10
292684	10
292969	13
293151	10
293406	13
293631	10
293844	13
294042	10
294315	10
294531	10
294818	10
295042	13
295264	10
295500	10
295736	13
295958	10
296180	13
296405	13
296639	13
296882	10
297128	10
297333	13
297606	10
297798	10
298033	13
298241	10
298473	10
298710	10
298987	10
299236	10
299451	13
299665	10
299883	13
300097	13
300316	10
300552	10
300766	10
300996	10
301218	13
301424	10
301700	10
301922	13
302144	13
302320	10
302546	13
302762	13
302974	10
303179	10
303449	10
303675	13
303891	10
304077	10
304288	13
304504	10
304734	13
304917	13
305171	10
305385	10
305602	10
305801	13
306027	10
306239	13
306458	10
306660	13
306864	13
307060	13
307271	10
307506	10
307750	10
307968	10
308188	13
308384	13
308573	13
308774	13
308965	10
309177	10
309405	10
309634	10
309864	10
310075	13
310279	10
310497	13
310724	10
310928	13
311141	13
311333	10
311541	10
311769	13
311983	10
312216	10
312445	10
312655	13
312861	13
313055	13
313249	13
313464	10
313702	13
313930	10
314173	10
314381	10
314589	10
314811	10
315005	13
315218	13
315434	10
315623	13
315866	10
316083	10
316306	10
316547	10
316788	13
317012	10
317217	10
317414	13
317610	10
317827	13
318040	10
318279	10
318532	10
318766	10
318991	10
319191	13
319395	13
319617	10
319840	13
320061	10
320289	10
320512	10
320728	10
320949	13
321174	13
321388	10
321612	13
321815	10
322028	13
322226	13
322456	10
322688	10
322966	10
323187	10
323401	13
323612	10
323821	13
323995	10
324241	10
324476	10
324711	13
324942	13
325164	13
325389	13
325621	13
325849	13
326063	10
326272	13
326482	10
326699	10
326923	10
327165	10
327398	10
327642	10
327854	10
328072	13
328273	13
328494	13
328743	10
328954	10
329217	10
329409	10
329670	13
329896	13
330109	10
330331	10
330570	10
330762	10
331030	13
331258	10
331511	10
331734	10
332011	10
332219	10
332431	10
332609	10
332880	10
333101	10
333346	10
333609	10
333846	10
334054	10
334276	10
334465	10
334744	13
334967	13
335203	10
335433	10
335679	13
335931	13
336154	10
336399	13
336636	10
336844	10
337083	13
337271	10
337538	10
337763	10
338080	1
338289	10
338563	10
338786	13
339017	10
339237	10
339481	10
339747	10
339998	10
340251	13
340427	10
340618	10
340968	1
341149	10
341435	10
341658	13
341886	10
342132	10
342315	10
342631	1
342828	13
343091	10
343304	13
343521	13
343770	10
344027	10
344282	10
344531	13
344755	13
345004	10
345197	10
345460	10
345636	13
345936	1
346126	10
346412	10
346618	10
346943	1
347129	10
347416	13
347600	13
347855	13
348046	10
348337	13
348544	10
348850	1
349040	10
349328	13
349503	10
349780	13
349978	10
350264	10
350468	13
350732	10
350927	13
351215	13
351414	10
351700	10
351891	10
352165	10
352339	10
352633	10
352915	10
353189	10
353450	13
353668	10
353892	13
354119	13
354292	13
354592	1
354809	10
355101	13
355289	10
355609	1
355808	10
356125	1
356375	10
356558	10
356837	10
357059	10
357373	1
357579	10
357956	1
358131	10
358428	10
358608	10
358918	1
359194	13
359475	10
359722	13
359957	10
360172	10
360408	10
360600	13
360896	10
361082	10
361233	10
361620	1
361819	10
362151	1
362333	13
362603	13
362769	10
363053	13
363239	10
363539	1
363747	10
364079	1
364266	10
364536	13
364712	10
365013	1
365212	10
365510	10
365694	10
365996	1
366203	10
366487	13
366674	10
366971	13
367137	13
367413	10
367586	10
367915	1
368127	10
368459	1
368646	10
368929	13
369111	10
369376	13
369565	10
369885	1
370088	10
370410	1
370594	10
370905	1
371110	10
371410	1
371595	10
371892	13
372083	10
372413	1
372620	10
372937	1
373140	10
373281	10
373715	1
373907	13
374362	1
374593	10
374925	1
375177	10
375421	13
375671	13
375892	10
376169	13
376440	13
376690	10
376961	10
377253	13
377503	13
377751	13
377989	13
378244	13
378503	10
378797	10
379047	10
379332	13
379712	1
379907	10
380304	1
380495	10
380924	1
381127	10
381534	1
381726	13
382097	1
382312	10
382629	1
382811	10
383177	1
383444	10
383770	1
383960	10
384253	13
384447	10
384758	1
384954	10
385323	1
385523	10
385693	13
386092	1
386296	10
386618	1
386813	10
387123	1
387316	10
387645	1
387852	10
388184	1
388373	10
388669	13
388842	10
389170	1
389392	10
389750	1
389948	10
390268	1
390463	10
390772	1
390955	10
391294	1
391477	13
391838	1
392035	10
392407	1
392607	10
392933	1
393110	10
393442	1
393650	13
394005	1
394243	10
394580	1
394771	10
394922	10
395361	1
395564	10
395939	1
396134	10
396333	10
396452	13
396593	10
396913	1
397098	10
397530	1
397726	10
398091	1
398323	13
398641	1
399047	1
399229	10
399585	1
399761	10
400152	1
400379	10
400780	1
400996	10
401319	1
401547	13
401848	1
402038	10
402357	1
402564	10
402732	10
403158	1
403365	10
403668	1
403852	13
404134	13
404339	10
404694	1
404907	10
405120	10
405225	13
405470	13
405655	13
405939	13
406138	10
406437	13
406628	10
406905	13
407081	10
407459	1
407661	10
407982	1
408156	13
408333	10
408544	13
408960	1
409165	10
409517	1
409711	10
410005	10
410185	10
410509	1
410697	10
411039	1
411235	10
411557	1
411747	10
411977	13
412051	13
412246	10
412547	1
412734	10
413036	1
413244	10
413618	1
413815	10
413987	10
414371	1
414546	10
414852	1
415114	10
415392	10
415664	10
415903	13
416162	13
416421	13
416689	13
416875	10
417141	10
417340	13
417505	10
417982	1
418186	10
418577	1
418776	13
419066	13
419272	13
419617	1
419904	10
420120	10
420425	1
420621	10
420908	13
421093	10
421400	1
421610	10
421941	1
422136	10
422472	1
422685	10
422885	13
423255	1
423435	10
423753	1
423954	10
424289	1
424504	10
424834	1
425030	10
425309	10
425495	10
425838	1
426046	10
426222	13
426633	1
426830	10
427134	1
427336	10
427642	1
427816	10
428104	10
428299	10
428629	1
428859	10
429178	1
429367	10
429620	13
429799	10
430125	1
430333	10
430693	1
430889	10
431206	1
431394	10
431564	13
431952	1
432147	10
432428	10
432627	10
432922	10
433121	10
433459	1
433664	10
433959	10
434137	13
434435	10
434642	10
435012	1
435212	10
435533	1
435721	10
436014	10
436198	10
436489	10
436704	10
437006	1
437202	10
437506	1
437718	10
438011	13
438208	10
438471	13
438657	10
438948	13
439143	10
439465	1
439688	10
439994	1
440174	13
440460	13
440652	10
440951	10
441154	10
441486	1
441686	10
442015	1
442207	10
442480	13
442683	10
443011	1
443191	10
443474	13
443692	10
444049	1
444250	10
444535	13
444723	10
444996	13
445172	10
445482	1
445701	10
446016	1
446223	10
446507	13
446696	10
446995	13
447185	10
447485	13
447677	10
447977	10
448173	10
448473	10
448674	10
448962	13
449150	10
449409	10
449597	10
449927	1
450148	10
450465	1
450647	10
450908	13
451099	13
451398	13
451584	10
451895	1
452086	13
452392	1
452587	10
452913	1
453105	10
453388	13
453553	10
453835	10
454041	10
454309	10
454518	10
454886	1
455072	10
455375	1
455556	10
455876	1
456080	10
456414	1
456613	10
456934	1
457137	10
457433	10
457624	10
457944	1
458134	10
458415	13
458612	10
459002	1
459219	10
459557	1
459730	10
460011	10
460196	10
460350	10
460802	1
461011	10
461366	1
461632	13
461887	10
462157	13
462401	10
462602	10
462890	10
463098	10
463405	1
463611	10
463793	10
464145	1
464331	10
464597	10
464792	10
465109	1
465320	10
465637	1
465823	10
466089	13
466286	10
466541	13
466734	10
467039	1
467237	10
467537	13
467732	10
468029	10
468238	10
468526	13
468715	10
468979	13
469170	10
469461	10
469686	10
470017	1
470209	10
470494	13
470668	10
470933	13
471141	10
471466	1
471686	10
471983	13
472171	10
472463	13
472657	10
472938	13
473133	10
473420	10
473612	10
473915	1
474136	10
474429	10
474633	10
474943	1
475118	10
475443	1
475716	10
475996	10
476285	13
476549	10
476750	13
477014	10
477254	10
477558	1
477765	10
478077	1
478281	10
478564	13
478772	10
479126	1
479313	10
479621	1
479811	10
479996	10
480419	1
480634	13
480994	1
481199	13
481484	13
481663	10
481984	1
482199	10
482493	10
482707	10
483095	1
483296	10
483640	1
483837	10
484121	13
484308	10
484614	1
484831	10
485156	1
485355	10
485636	13
485807	10
486107	10
486311	10
486637	1
486852	10
487131	10
487324	10
487638	1
487825	10
488129	1
488372	13
488589	10
488853	13
489108	13
489387	13
489649	13
489900	10
490071	10
490344	10
490559	10
490851	10
491059	10
491373	1
491570	10
491884	1
492068	10
492391	1
492587	10
492882	13
493069	10
493372	1
493581	10
493857	13
494054	10
494355	1
494536	10
494787	13
494972	10
495294	1
495513	10
495822	1
496015	10
496283	13
496464	10
496732	13
496934	10
497228	10
497432	10
497747	1
497948	10
498095	10
498482	1
498668	10
498959	13
499139	10
499408	10
499612	10
499929	1
500145	10
500455	1
500637	10
500912	10
501081	10
501352	10
501579	10
501940	1
502151	10
502442	13
502642	10
502899	10
503094	10
503392	10
503583	10
503889	1
504081	10
504383	1
504611	10
504910	10
505104	10
505343	13
505528	10
505833	1
506034	10
506361	1
506588	10
506864	10
507048	10
507316	13
507513	10
507693	10
508049	1
508246	10
508544	10
508757	10
509018	10
509208	10
509501	10
509726	13
509957	13
510172	10
510416	10
510695	10
510957	10
511209	10
511423	13
511638	13
511867	13
512059	13
512228	10
512581	1
512780	10
513076	13
513261	10
513533	13
513743	10
514032	10
514223	10
514491	13
514684	10
514978	13
515180	10
515482	1
515690	10
515945	10
516118	10
516376	10
516587	10
516903	1
517111	10
517413	1
517618	10
517896	10
518068	10
518351	10
518556	10
518848	13
519055	10
519350	10
519564	10
519877	1
520071	10
520356	13
520534	10
520795	13
520996	10
521308	1
521524	10
521858	1
522044	10
522320	13
522502	10
522802	13
523003	10
523319	1
523523	10
523825	1
524029	10
524298	13
524495	10
524804	1
524984	10
525273	10
525464	10
525775	1
526004	10
526307	1
526495	10
526749	10
526932	10
527204	13
527404	10
527703	10
527926	10
528224	13
528406	10
528687	10
528896	10
529166	13
529361	10
529627	13
529818	13
530119	1
530306	10
530604	10
530814	10
531076	13
531258	10
531505	13
531701	10
532013	1
532220	10
532533	1
532718	10
532913	10
533203	10
533435	13
533630	10
533920	13
534165	10
534398	10
534634	10
534903	10
535159	10
535394	13
535609	10
535840	13
536084	10
536325	10
536592	10
536866	10
537070	13
537327	10
537507	10
537818	1
538018	10
538204	10
538440	10
538849	1
539031	10
539335	1
539563	13
539826	10
540021	10
540301	13
540480	10
540788	1
541012	10
541334	1
541531	10
541805	13
541984	10
542273	13
542450	10
542778	1
543077	10
543346	10
543594	13
543804	13
544072	10
544346	13
544610	10
544852	10
545114	10
545337	10
545663	1
545862	10
546245	1
546429	10
546743	1
547029	10
547325	10
547602	10
547854	13
548102	13
548307	10
548540	10
548886	1
549134	10
549288	10
549752	1
549934	13
550332	1
550600	13
550760	10
551112	1
551306	10
551673	1
551962	10
552170	10
552481	1
552662	10
552940	13
553144	10
553324	10
553741	1
553935	10
554246	1
554453	10
554718	13
554906	10
555253	1
555435	10
555749	1
555957	10
556318	1
556530	10
556852	1
557022	10
557312	10
557513	10
557864	1
558074	10
558436	1
558683	13
558853	13
559187	1
559399	10
559705	1
559911	10
560234	1
560504	10
560692	13
561084	1
561287	10
561645	1
561827	10
562192	1
562534	1
562844	1
563124	10
563385	10
563655	10
563911	10
564183	10
564485	13
564774	13
565037	13
565299	10
565525	10
565884	1
566080	10
566437	1
566644	10
567037	1
567257	10
567611	1
567814	13
567955	10
568403	1
568639	10
568968	1
569260	10
569513	10
569767	13
570001	13
570248	10
570508	13
570763	13
570974	10
571247	10
571457	10
571798	1
571987	10
572269	13
572491	13
572754	10
572955	10
573275	1
573495	10
573876	1
574047	10
574391	1
574589	10
574951	1
575233	13
575506	13
575794	13
576044	13
576298	13
576557	13
576792	10
577025	13
577237	10
577544	1
577792	10
578220	1
578382	13
578748	1
578925	10
579274	1
579514	13
579844	1
580114	13
580365	10
580636	10
580863	13
581141	13
581414	10
581688	13
581966	10
582254	10
582540	13
582742	10
583091	1
583267	10
583673	1
583890	10
584312	1
584592	13
584775	13
585114	1
585319	10
585686	1
585977	10
586261	13
586534	13
586774	13
586968	10
587357	1
587523	10
587846	1
588044	10
588393	1
588616	10
588925	1
589192	13
589419	10
589668	10
589910	13
590194	10
590466	13
590730	10
590955	10
591305	1
591506	10
591866	1
592046	10
592404	1
592609	10
593012	1
593298	13
593551	13
593771	13
594022	13
594255	10
594519	13
594806	10
595049	13
595333	13
595563	13
595804	13
596070	10
596316	13
596540	13
596891	1
597105	10
597488	1
597672	13
598049	1
598264	10
598568	1
598872	1
599201	1
599501	1
599722	10
600001	1
600201	10
600461	10
600660	13
601072	1
601274	10
601676	1
601963	1
602247	1
602459	13
602735	1
602940	10
603354	1
603537	10
603947	1
604233	1
604409	10
604584	10
604969	1
605195	10
605568	1
605882	1
606147	1
606371	10
606663	1
606868	10
607297	1
607494	10
607882	1
608185	1
608480	1
608740	1
608978	10
609177	13
609519	1
609716	10
610123	1
610330	10
610693	1
610952	1
611231	1
611516	1
611807	1
612087	1
612372	1
612645	1
612912	1
613169	1
613411	1
613659	1
613898	1
614123	1
614430	1
614659	1
615040	1
615220	10
615554	1
615807	1
616043	1
616360	1
616640	1
616824	10
617136	1
617369	1
617655	1
617915	1
618249	1
618640	1
618859	10
619190	1
619447	13
619683	10
619894	13
620147	10
620430	1
620701	10
620989	1
621205	10
621483	1
621739	13
622002	13
622266	10
622531	10
622757	10
623111	1
623322	10
623717	1
623908	10
624244	1
624510	10
624785	1
625026	10
625368	1
625586	10
625949	1
626119	10
626482	1
626693	10
627075	1
627361	1
627635	1
627866	13
628167	1
628379	10
628687	1
628887	10
629180	1
629388	10
629784	1
629985	10
630296	1
630477	10
630770	1
630953	10
631278	1
631567	1
631813	13
632078	13
632314	10
632564	10
632825	13
633061	10
633323	10
633594	1
633880	1
634149	1
634379	10
634742	1
634931	10
635288	1
635593	1
635916	1
636220	1
636488	1
636710	10
637004	1
637199	10
637558	1
637761	10
638134	1
638339	10
638686	1
638961	1
639211	10
639443	10
639688	13
639930	10
640222	1
640470	10
640816	1
641003	10
641300	1
641482	10
641844	1
642087	10
642431	1
642699	1
642954	1
643207	1
643465	1
643720	1
643968	1
644217	1
644475	1
644753	1
645036	1
645287	1
645532	1
645752	10
645997	1
646214	10
646519	1
646808	1
647083	1
647306	10
647554	1
647734	10
648098	1
648365	1
648638	1
648908	1
649170	1
649417	1
649673	1
