107927	1
108178	1
108421	1
108677	1
108940	1
109211	1
109479	1
109741	1
109998	1
110257	1
110507	1
110752	1
111009	1
111272	1
111544	1
111810	1
112065	1
112316	1
112578	1
112829	1
113083	1
113348	1
113614	1
113889	1
114154	1
114406	1
114651	1
114914	1
115169	1
115423	1
115691	1
115956	1
116224	1
116487	1
116738	1
116981	1
117248	1
117509	1
117768	1
118034	1
118296	1
118552	1
118802	1
119043	1
119281	1
119538	1
119793	1
120048	1
120299	1
120544	1
120788	1
121022	1
121247	1
121476	1
121706	1
121960	1
122197	1
122437	1
122669	1
122898	1
123125	1
123360	1
123582	1
123807	1
124044	1
124296	1
124534	1
124764	1
124999	1
125227	1
125460	1
125694	1
125924	1
126158	1
126404	1
126658	1
126899	1
127128	1
127360	1
127588	1
127824	1
128064	1
128303	1
128545	1
128801	1
129055	1
129301	1
129533	1
129767	1
130002	1
130247	1
130496	1
130749	1
131001	1
131264	1
131513	1
131752	1
131989	1
132230	1
132483	1
132749	1
133004	1
133257	1
133523	1
133780	1
134026	1
134266	1
134517	1
134772	1
135041	1
135304	1
135561	1
135821	1
136080	1
136328	1
136570	1
136824	1
137083	1
137352	1
137617	1
137877	1
138123	1
138380	1
138627	1
138868	1
139121	1
139382	1
139651	1
139920	1
140174	1
140415	1
140666	1
140917	1
141169	1
141422	1
141685	1
141950	1
142211	1
142456	1
142696	1
142944	1
143197	1
143450	1
143703	1
143964	1
144217	1
144474	1
144720	1
144961	1
145202	1
145463	1
145720	1
145978	1
146238	1
146495	1
146750	1
147004	1
147250	1
147492	1
147758	1
148029	1
148291	1
148545	1
148801	1
149053	1
149306	1
149548	1
149795	1
150061	1
150332	1
150595	1
150845	1
151097	1
151345	1
151596	1
151843	1
152093	1
152361	1
152632	1
152893	1
153081	13
153385	1
153628	1
153884	1
154133	1
154329	13
154652	1
154923	1
155181	1
155424	1
155665	1
155904	1
156153	1
156407	1
156661	1
156912	1
157176	1
157423	1
157659	1
157898	1
158140	1
158390	1
158652	1
158915	1
159169	1
159433	1
159688	1
159930	1
160170	1
160419	1
160676	1
160945	1
161204	1
161461	1
161722	1
161976	1
162224	1
162465	1
162718	1
162977	1
163248	1
163509	1
163762	1
164017	1
164274	1
164524	1
164768	1
165028	1
165290	1
165561	1
165824	1
166075	1
166325	1
166584	1
166834	1
167080	1
167341	1
167604	1
167875	1
168136	1
168388	1
168635	1
168897	1
169153	1
169409	1
169677	1
169942	1
170212	1
170471	1
170724	1
170971	1
171232	1
171490	1
171751	1
172015	1
172277	1
172540	1
172798	1
173044	1
173285	1
173546	1
173808	1
174071	1
174326	1
174585	1
174834	1
175083	1
175322	1
175562	1
175819	1
176062	1
176347	1
176597	1
176853	1
177095	1
177343	1
177591	1
177838	1
178091	1
178362	1
178621	1
178870	1
179112	1
179353	1
179599	1
179849	1
180095	1
180343	1
180607	1
180875	1
181132	1
181370	1
181617	1
181865	1
182122	1
182377	1
182637	1
182910	1
183182	1
183439	1
183633	13
183937	1
184191	1
184465	1
184731	1
184995	1
185270	1
185536	1
185788	1
186036	1
186290	1
186547	1
186820	1
187086	1
187347	1
187614	1
187873	1
188123	1
188369	1
188626	1
188893	1
189171	1
189435	1
189692	1
189952	1
190206	1
190408	13
190700	1
190958	1
191234	1
191507	1
191768	1
192018	1
192277	1
192528	1
192775	1
193026	1
193287	1
193556	1
193826	1
194078	1
194319	1
194573	1
194823	1
195071	1
195325	1
195591	1
195857	1
196124	1
196375	1
196616	1
196866	1
197123	1
197380	1
197633	1
197899	1
198162	1
198424	1
198672	1
198917	1
199172	1
199437	1
199705	1
199968	1
200238	1
200505	1
200768	1
201016	1
201266	1
201526	1
201795	1
202064	1
202328	1
202596	1
202854	1
203115	1
203367	1
203620	1
203885	1
204165	1
204437	1
204702	1
204966	1
205220	1
205482	1
205738	1
205994	1
206268	1
206551	1
206820	1
207078	1
207338	1
207592	1
207851	1
208109	1
208371	1
208644	1
208921	1
209185	1
209432	1
209684	1
209932	1
210189	1
210448	1
210711	1
210978	1
211248	1
211505	1
211749	1
211997	1
212245	1
212509	1
212774	1
213036	1
213298	1
213568	1
213820	1
214063	1
214315	1
214568	1
214839	1
215109	1
215372	1
215636	1
215905	1
216156	1
216401	1
216596	13
216917	1
217189	1
217462	1
217723	1
217981	1
218244	1
218495	1
218742	1
219002	1
219269	1
219542	1
219766	10
220063	1
220317	1
220580	1
220832	1
221086	1
221348	1
221616	1
221888	1
222147	1
222395	1
222648	1
222907	1
223160	1
223416	1
223683	1
223949	1
224220	1
224475	1
224719	1
224975	1
225236	1
225497	1
225758	1
226031	1
226298	1
226563	1
226814	1
227059	1
227316	1
227580	1
227847	1
228109	1
228378	1
228644	1
228904	1
229153	1
229401	1
229663	1
229933	1
230204	1
230465	1
230728	1
230989	1
231248	1
231495	1
231741	1
232011	1
232283	1
232548	1
232808	1
233065	1
233317	1
233572	1
233817	1
234065	1
234333	1
234605	1
234825	13
235122	1
235375	1
235626	1
235881	1
236137	1
236396	1
236665	1
236943	1
237210	1
237461	1
237713	1
237965	1
238224	1
238487	1
238752	1
239023	1
239299	1
239560	1
239806	1
240056	1
240308	1
240573	1
240840	1
241107	1
241376	1
241646	1
241900	1
242147	1
242401	1
242655	1
242928	1
243197	1
243463	1
243728	1
243994	1
244247	1
244494	1
244753	1
245015	1
245293	1
245506	13
245829	1
246086	1
246354	1
246610	1
246858	1
247124	1
247393	1
247668	1
247933	1
248188	1
248444	1
248705	1
248961	1
249213	1
249481	1
249750	1
250022	1
250282	1
250531	1
250790	1
251049	1
251310	1
251572	1
251844	1
252118	1
252390	1
252641	1
252885	1
253143	1
253401	1
253663	1
253926	1
254193	1
254459	1
254724	1
254975	1
255217	1
255478	1
255741	1
256005	1
256267	1
256533	1
256796	1
257053	1
257304	1
257551	1
257818	1
258087	1
258352	1
258618	1
258879	1
259141	1
259396	1
259645	1
259898	1
260171	1
260441	1
260706	1
260971	1
261223	1
261480	1
261735	1
261986	1
262241	1
262517	1
262786	1
263042	1
263299	1
263548	1
263803	1
264061	1
264316	1
264578	1
264861	1
265130	1
265384	1
265636	1
265886	1
266142	1
266401	1
266665	1
266932	1
267210	1
267473	1
267725	1
267974	1
268223	1
268485	1
268752	1
269020	1
269283	1
269556	1
269811	1
270058	1
270304	1
270552	1
270814	1
271089	1
271353	1
271611	1
271876	1
272130	1
272377	1
272619	1
272873	1
273135	1
273406	1
273669	1
273921	1
274180	1
274435	1
274682	1
274928	1
275187	1
275450	1
275718	1
275979	1
276232	1
276480	1
276735	1
276984	1
277233	1
277496	1
277761	1
278034	1
278296	1
278549	1
278800	1
279063	1
279321	1
279578	1
279847	1
280115	1
280389	1
280646	1
280893	1
281149	1
281413	1
281674	1
281937	1
282208	1
282472	1
282738	1
282991	1
283237	1
283496	1
283764	1
284031	1
284295	1
284565	1
284827	1
285084	1
285333	1
285580	1
285839	1
286110	1
286379	1
286640	1
286903	1
287162	1
287419	1
287667	1
287917	1
288184	1
288458	1
288726	1
288986	1
289243	1
289498	1
289756	1
290007	1
290257	1
290532	1
290803	1
291064	1
291325	1
291577	1
291831	1
292091	1
292348	1
292606	1
292883	1
293153	1
293409	1
293664	1
293914	1
294169	1
294429	1
294690	1
294954	1
295230	1
295498	1
295750	1
295997	1
296248	1
296507	1
296772	1
297035	1
297299	1
297577	1
297837	1
298085	1
298335	1
298587	1
298849	1
299120	1
299386	1
299650	1
299923	1
300176	1
300422	1
300671	1
300923	1
301187	1
301462	1
301728	1
301984	1
302246	1
302499	1
302747	1
302997	1
303257	1
303528	1
303805	1
304069	1
304323	1
304523	10
304835	1
305089	1
305345	1
305614	1
305889	1
306161	1
306425	1
306675	1
306934	1
307190	1
307448	1
307712	1
307984	1
308257	1
308528	1
308782	1
309029	1
309287	1
309545	1
309808	1
310075	1
310344	1
310611	1
310875	1
311124	1
311370	1
311627	1
311893	1
312157	1
312418	1
312686	1
312943	1
313201	1
313446	1
313690	1
313953	1
314224	1
314490	1
314752	1
315015	1
315272	1
315528	1
315777	1
316027	1
316298	1
316567	1
316836	1
317098	1
317356	1
317612	1
317872	1
318126	1
318384	1
318663	1
318933	1
319196	1
319456	1
319706	1
319963	1
320222	1
320479	1
320740	1
321020	1
321286	1
321540	1
321791	1
322040	1
322295	1
322553	1
322814	1
323077	1
323354	1
323616	1
323862	1
324110	1
324356	1
324613	1
324870	1
325135	1
325397	1
325671	1
325929	1
326175	1
326425	1
326673	1
326935	1
327202	1
327466	1
327728	1
327997	1
328248	1
328490	1
328736	1
328984	1
329247	1
329518	1
329779	1
330035	1
330246	10
330551	1
330791	1
331043	1
331296	1
331561	1
331829	1
332091	1
332341	1
332595	1
332842	1
333087	1
333333	1
333590	1
333857	1
334126	1
334386	1
334635	1
334886	1
335137	1
335386	1
335585	13
335901	1
336163	1
336434	1
336687	1
336933	1
337181	1
337439	1
337691	1
337945	1
338211	1
338474	1
338740	1
338994	1
339241	1
339490	1
339754	1
340014	1
340273	1
340544	1
340806	1
341068	1
341323	1
341572	1
341821	1
342092	1
342359	1
342621	1
342889	1
343149	1
343407	1
343661	1
343912	1
344165	1
344442	1
344714	1
344975	1
345237	1
345490	1
345751	1
346003	1
346255	1
346517	1
346799	1
347068	1
347328	1
347585	1
347834	1
348090	1
348341	1
348596	1
348862	1
349140	1
349405	1
349658	1
349912	1
350160	1
350415	1
350672	1
350936	1
351204	1
351481	1
351745	1
351995	1
352247	1
352499	1
352759	1
353021	1
353286	1
353557	1
353829	1
354087	1
354333	1
354586	1
354843	1
355110	1
355374	1
355637	1
355909	1
356170	1
356418	1
356663	1
356915	1
357171	1
357445	1
357713	1
357975	1
358247	1
358507	1
358758	1
359010	1
359270	1
359542	1
359822	1
360092	1
360352	1
360617	1
360874	1
361123	1
361376	1
361639	1
361916	1
362191	1
362456	1
362712	1
362978	1
363230	1
363482	1
363742	1
364008	1
364281	1
364550	1
364806	1
365055	1
365314	1
365564	1
365814	1
366079	1
366343	1
366611	1
366877	1
367130	1
367373	1
367630	1
367884	1
368140	1
368402	1
368669	1
368935	1
369199	1
369447	1
369693	1
369951	1
370217	1
370483	1
370744	1
370984	1
371275	1
371530	1
371780	1
372027	1
372288	1
372555	1
372824	1
373083	1
373347	1
373602	1
373857	1
374085	1
374352	1
374616	1
374890	1
375159	1
375417	1
375674	1
375921	1
376176	1
376426	1
376678	1
376945	1
377222	1
377487	1
377740	1
377993	1
378240	1
378494	1
378748	1
379005	1
379276	1
379552	1
379812	1
380060	1
380311	1
380561	1
380818	1
381078	1
381287	10
381617	1
381891	1
382154	1
382402	1
382652	1
382909	1
383174	1
383437	1
383701	1
383969	1
384233	1
384484	1
384731	1
384981	1
385236	1
385510	1
385776	1
386035	1
386301	1
386558	1
386805	1
387047	1
387300	1
387560	1
387830	1
388095	1
388352	1
388613	1
388868	1
389117	1
389364	1
389623	1
389894	1
390169	1
390434	1
390687	1
390945	1
391198	1
391449	1
391702	1
391922	1
392235	1
392507	1
392767	1
393013	1
393269	1
393523	1
393775	1
394029	1
394296	1
394512	13
394838	1
395088	1
395335	1
395592	1
395849	1
396103	1
396362	1
396629	1
396896	1
397161	1
397412	1
397657	1
397914	1
398175	1
398405	1
398704	1
398971	1
399237	1
399497	1
399746	1
399992	1
400248	1
400514	1
400783	1
401045	1
401309	1
401568	1
401826	1
402076	1
402324	1
402586	1
402859	1
403126	1
403385	1
403644	1
403892	1
404146	1
404395	1
404647	1
404910	1
405188	1
405452	1
405708	1
405962	1
406207	1
406461	1
406716	1
406974	1
407236	1
407515	1
407780	1
407967	13
408281	1
408527	1
408788	1
409049	1
409317	1
409581	1
409860	1
410123	1
410369	1
410619	1
410870	1
411133	1
411359	1
411664	1
411931	1
412209	1
412462	1
412706	1
412958	1
413209	1
413474	1
413741	1
414003	1
414268	1
414535	1
414781	1
415023	1
415273	1
415524	1
415790	1
416059	1
416321	1
416576	1
416836	1
417085	1
417328	1
417578	1
417836	1
418106	1
418373	1
418632	1
418883	1
419140	1
419388	1
419632	1
419884	1
420145	1
420680	1
420938	1
421194	1
421454	1
421704	1
421953	1
422218	1
422481	1
422753	1
423014	1
423263	1
423511	1
423770	1
424022	1
424276	1
424543	1
424807	1
425075	1
425333	1
425582	1
425827	1
426090	1
426350	1
426607	1
426874	1
427138	1
427402	1
427652	1
427899	1
428150	1
428416	1
428679	1
428940	1
429205	1
429465	1
429724	1
429971	1
430218	1
430469	1
430740	1
431003	1
431262	1
431524	1
431775	1
432028	1
432280	1
432529	1
432780	1
433055	1
433323	1
433581	1
433840	1
434091	1
434345	1
434604	1
434858	1
435112	1
435389	1
435660	1
435919	1
436169	1
436421	1
436675	1
436933	1
437190	1
437450	1
437723	1
437990	1
438247	1
438494	1
438745	1
439000	1
439263	1
439524	1
439786	1
440058	1
440324	1
440577	1
440824	1
441076	1
441334	1
441604	1
441870	1
442130	1
442398	1
442659	1
442906	1
443148	1
443401	1
443658	1
443929	1
444190	1
444447	1
444714	1
444971	1
445220	1
445465	1
445724	1
445991	1
446266	1
446529	1
446784	1
447044	1
447297	1
447545	1
447794	1
448053	1
448325	1
448601	1
448861	1
449112	1
449371	1
449624	1
449876	1
450132	1
450394	1
450664	1
450938	1
451193	1
451437	1
451694	1
451945	1
452198	1
452460	1
452728	1
453000	1
453267	1
453521	1
453767	1
454028	1
454284	1
454540	1
454806	1
455072	1
455342	1
455598	1
455847	1
456094	1
456354	1
456613	1
456875	1
457140	1
457400	1
457663	1
457917	1
458164	1
458409	1
458674	1
458937	1
459196	1
459461	1
459718	1
459975	1
460227	1
460474	1
460722	1
460994	1
461262	1
461520	1
461782	1
462037	1
462290	1
462542	1
462793	1
463042	1
463313	1
463581	1
463840	1
464096	1
464345	1
464596	1
464852	1
465103	1
465357	1
465627	1
465896	1
466157	1
466404	1
466649	1
466897	1
467153	1
467405	1
467660	1
467927	1
468199	1
468455	1
468698	1
468946	1
469193	1
469451	1
469713	1
469976	1
470244	1
470516	1
470770	1
471013	1
471265	1
471516	1
471780	1
472047	1
472313	1
472576	1
472845	1
473098	1
473342	1
473593	1
473849	1
474082	1
474389	1
474653	1
474911	1
475175	1
475427	1
475669	1
475922	1
476182	1
476455	1
476721	1
476979	1
477232	1
477491	1
477739	1
477985	1
478242	1
478503	1
478774	1
479039	1
479292	1
479541	1
479801	1
480053	1
480303	1
480566	1
480831	1
481099	1
481361	1
481612	1
481858	1
482117	1
482370	1
482622	1
482888	1
483151	1
483419	1
483673	1
483919	1
484167	1
484427	1
484684	1
484941	1
485204	1
485467	1
485729	1
485978	1
486220	1
486469	1
486732	1
486991	1
487248	1
487511	1
487769	1
488027	1
488277	1
488522	1
488771	1
489040	1
489305	1
489564	1
489827	1
490081	1
490335	1
490583	1
490832	1
491082	1
491357	1
491625	1
491882	1
492140	1
492390	1
492646	1
492894	1
493143	1
493399	1
493676	1
493939	1
494194	1
494447	1
494691	1
494943	1
495196	1
495449	1
495709	1
495983	1
496246	1
496500	1
496750	1
496997	1
497249	1
497511	1
497770	1
498029	1
498302	1
498565	1
498817	1
499061	1
499309	1
499563	1
499830	1
500095	1
500353	1
500623	1
500887	1
501137	1
501375	1
501626	1
501884	1
502148	1
502410	1
502670	1
502933	1
503187	1
503433	1
503675	1
503927	1
504185	1
504456	1
504720	1
504981	1
505239	1
505498	1
505747	1
505992	1
506250	1
506511	1
506785	1
507052	1
507307	1
507558	1
507820	1
508072	1
508318	1
508584	1
508847	1
509118	1
509381	1
509632	1
509882	1
510143	1
510397	1
510649	1
510915	1
511152	1
511451	1
511705	1
511958	1
512210	1
512472	1
512731	1
512992	1
513259	1
513524	1
513788	1
514038	1
514283	1
514534	1
514796	1
515056	1
515317	1
515582	1
515841	1
516101	1
516348	1
516591	1
516845	1
517111	1
517376	1
517632	1
517897	1
518153	1
518406	1
518652	1
518895	1
519150	1
519419	1
519686	1
519942	1
520202	1
520455	1
520707	1
520953	1
521202	1
521463	1
521736	1
522003	1
522263	1
522519	1
522767	1
523020	1
523271	1
523521	1
523785	1
524058	1
524275	10
524571	1
524819	1
525062	1
525314	1
525563	1
525813	1
526072	1
526343	1
526599	1
526838	1
527080	1
527321	1
527568	1
527818	1
528075	1
528328	1
528594	1
528850	1
529093	1
529331	1
529569	1
529814	1
530060	1
530309	1
530556	1
530805	1
531058	1
531287	1
531511	1
531726	1
531942	1
532162	1
532390	1
532629	1
532876	1
533114	1
533364	1
533591	1
533822	1
534049	1
534286	1
534527	1
534777	1
535020	1
535261	1
535498	1
535743	1
535975	1
536206	1
536449	1
536700	1
536962	1
537226	1
537475	1
537713	1
537957	1
538203	1
538446	1
538688	1
538945	1
539204	1
539464	1
539714	1
539956	1
540200	1
540458	1
540713	1
540968	1
541237	1
541504	1
541778	1
542035	1
542286	1
542546	1
542815	1
543081	1
543350	1
543622	1
543893	1
544163	1
544419	1
544671	1
544940	1
545170	1
545483	1
545752	1
546021	1
546283	1
546541	1
546789	1
547036	1
547299	1
547565	1
547825	1
548090	1
548348	1
548606	1
548862	1
549115	1
549369	1
549646	1
549920	1
550185	1
550450	1
550702	1
550964	1
551221	1
551476	1
551744	1
552031	1
552303	1
552565	1
552829	1
553083	1
553345	1
553603	1
553865	1
554142	1
554423	1
554693	1
554951	1
555211	1
555472	1
555739	1
556006	1
556276	1
556562	1
556840	1
557101	1
557357	1
557614	1
557882	1
558152	1
558421	1
558693	1
558978	1
559240	1
559492	1
559745	1
560000	1
560269	1
560538	1
560808	1
561074	1
561348	1
561600	1
561845	1
562099	1
562351	1
562620	1
562891	1
563160	1
563418	1
563684	1
563937	1
564181	1
564435	1
564689	1
564957	1
565220	1
565474	1
565719	1
565962	1
566193	1
566427	1
566650	1
566902	1
567148	1
567404	1
567637	1
567881	1
568108	1
568355	1
568505	10
568581	10
568819	1
569059	1
569308	1
569553	1
569805	1
570039	1
570263	1
570522	1
570759	1
570995	1
571229	1
571475	1
571714	1
571962	1
572183	1
572411	1
572635	1
572873	1
573122	1
573371	1
573618	1
573875	1
574128	1
574379	1
574627	1
574870	1
575119	1
575389	1
575656	1
575916	1
576181	1
576441	1
576699	1
576949	1
577199	1
577460	1
577736	1
578007	1
578273	1
578538	1
578794	1
579054	1
579308	1
579560	1
579832	1
580110	1
580344	1
580636	1
580891	1
581145	1
581403	1
581653	1
581904	1
582175	1
582449	1
582710	1
582962	1
583213	1
583465	1
583662	13
583979	1
584237	1
584520	1
584789	1
585051	1
585304	1
585559	1
585821	1
586086	1
586353	1
586624	1
586904	1
587171	1
587423	1
587676	1
587925	1
588188	1
588455	1
588722	1
588988	1
589267	1
589528	1
589774	1
590027	1
590279	1
590546	1
590821	1
591090	1
591362	1
591639	1
591900	1
592152	1
592416	1
592686	1
592968	1
593242	1
593515	1
593787	1
594052	1
594311	1
594570	1
594836	1
595118	1
595404	1
595677	1
595940	1
596167	10
596465	1
596718	1
596985	1
597253	1
597536	1
597813	1
598076	1
598330	1
598597	1
598854	1
599108	1
599376	1
599645	1
599921	1
600189	1
600447	1
600699	1
600970	1
601234	1
601497	1
601773	1
602044	1
602316	1
602574	1
602825	1
603080	1
603348	1
603543	13
603883	1
604150	1
604423	1
604689	1
604942	1
605193	1
605456	1
605731	1
606005	1
606272	1
606541	1
606807	1
607070	1
607320	1
607568	1
607844	1
608085	1
608391	1
608659	1
608926	1
609188	1
609451	1
609707	1
609968	1
610257	1
610532	1
610798	1
611064	1
611325	1
611590	1
611854	1
612120	1
612395	1
612678	1
612952	1
613212	1
613467	1
613724	1
613990	1
614254	1
614523	1
614809	1
615085	1
615350	1
615611	1
615869	1
616137	1
616409	1
616684	1
616962	1
617251	1
617517	1
617772	1
618033	1
618294	1
618564	1
618836	1
619107	1
619385	1
619656	1
619913	1
620164	1
620420	1
620686	1
620960	1
621233	1
621499	1
621776	1
622038	1
622290	1
622548	1
622810	1
623088	1
623368	1
623639	1
623910	1
624182	1
624437	1
624688	1
624951	1
625217	1
625497	1
625769	1
626035	1
626301	1
626568	1
626827	1
627082	1
627356	1
627634	1
627916	1
628189	1
628447	1
628710	1
628977	1
629238	1
629505	1
629781	1
630063	1
630345	1
630609	1
630864	1
631132	1
631400	1
631635	1
631946	1
632221	1
632501	1
632764	1
633019	1
633272	1
633541	1
633805	1
634072	1
634344	1
634611	1
634878	1
635136	1
635391	1
635652	1
635929	1
636203	1
636474	1
636751	1
637016	1
637279	1
637538	1
637794	1
638065	1
638349	1
638625	1
638894	1
639163	1
639430	1
639696	1
639956	1
640222	1
640502	1
640771	1
641025	1
641273	1
641511	1
641775	1
642017	1
642258	1
642501	1
642743	1
642998	1
643250	1
643491	1
643728	1
643966	1
644212	1
644462	1
644708	1
644970	1
645236	1
645490	1
645729	1
645972	1
646214	1
646467	1
646726	1
646989	1
647258	1
647535	1
647798	1
648049	1
648304	1
648567	1
648777	13
649116	1
649385	1
649671	1
