108295	1
108751	1
109240	1
109669	1
110139	1
110601	1
111023	1
111472	1
111897	1
112261	10
112620	13
112988	13
113345	10
113761	1
114287	1
114769	1
115250	1
115707	1
116165	1
116644	1
117087	1
117528	1
117984	1
118401	1
118860	1
119330	1
119754	1
120215	1
120672	1
121093	1
121566	1
122028	1
122449	1
122881	1
123270	1
123626	10
123996	1
124364	1
124752	1
125293	1
125784	1
126268	1
126760	1
127201	1
127686	1
128156	1
128584	1
129034	1
129492	1
129915	1
130319	1
130767	1
131196	1
131596	1
132023	1
132414	1
132837	1
133289	1
133717	1
134171	1
134624	1
135039	1
135478	1
135883	1
136309	1
136761	1
137179	1
137597	1
138020	1
138383	10
138738	13
139104	13
139464	10
139846	1
140326	1
140803	1
141242	1
141745	1
142198	1
142664	1
143122	1
143536	1
143982	1
144425	1
144832	1
145284	1
145729	1
146112	1
146541	1
146981	1
147382	1
147768	1
148167	1
148518	1
148875	1
149240	1
149603	1
150001	1
150466	1
150917	1
151376	1
151859	1
152292	1
152746	1
153147	1
153564	1
153974	1
154406	1
154801	1
155202	1
155632	1
156043	1
156451	1
156879	1
157242	1
157607	1
157972	1
158326	1
158702	1
159146	1
159598	1
160018	1
160456	1
160875	1
161305	1
161676	1
162040	1
162405	1
162749	1
163082	1
163433	1
163824	1
164203	1
164572	1
164973	1
165400	1
165887	1
166342	1
166823	1
167286	1
167728	1
168200	1
168639	1
169060	1
169507	1
169916	1
170287	1
170651	1
170995	1
171345	1
171714	1
172129	1
172545	1
172994	1
173444	1
173861	1
174292	1
174706	1
175082	1
175454	1
175809	1
176157	1
176507	1
176850	1
177196	1
177571	1
178044	1
178522	1
179023	1
179496	1
179937	1
180411	1
180915	1
181346	1
181821	1
182309	1
182728	1
183178	1
183636	1
184048	1
184455	1
184830	1
185204	1
185573	1
185946	1
186358	1
186851	1
187333	1
187818	1
188273	1
188721	1
189192	1
189650	1
190083	1
190547	1
190966	1
191387	1
191829	1
192236	1
192660	1
193101	1
193508	1
193902	1
194263	1
194620	1
194982	1
195328	1
195692	1
196094	1
196515	1
197041	1
197519	1
197956	1
198348	13
198724	10
199090	10
199441	13
199784	10
200116	13
200466	13
200809	13
201148	13
201503	10
201875	10
202256	10
202653	13
203029	10
203419	13
203838	1
204296	1
204762	1
205264	1
205718	1
206183	1
206678	1
207120	1
207540	1
207976	1
208357	10
208725	13
209101	10
209475	10
209936	1
210481	1
211009	1
211516	1
211989	1
212465	1
212962	1
213406	1
213863	1
214291	1
214710	1
215162	1
215575	1
215943	1
216316	1
216706	1
217147	1
217667	1
218137	1
218635	1
219088	1
219531	1
220007	1
220459	1
220861	1
221250	1
221615	13
221982	10
222367	1
222868	1
223328	1
223810	1
224293	1
224743	1
225189	1
225605	1
226059	1
226520	1
226948	1
227405	1
227856	1
228282	1
228718	1
229146	1
229565	1
230017	1
230433	1
230847	1
231321	1
231729	1
232157	1
232623	1
233038	1
233465	1
233913	1
234346	1
234762	1
235223	1
235662	1
236068	1
236513	1
236961	1
237366	1
237821	1
238270	1
238677	1
239109	1
239554	1
239965	1
240386	1
240771	1
241147	1
241503	1
241857	1
242204	1
242565	1
242945	1
243439	1
243928	1
244417	1
244854	1
245295	1
245773	1
246207	1
246645	1
247116	1
247538	1
248005	1
248494	1
248903	1
249365	1
249834	1
250252	1
250710	1
251199	1
251623	1
252084	1
252524	1
252946	1
253390	1
253824	1
254230	1
254675	1
255116	1
255525	1
255989	1
256439	1
256849	1
257281	1
257746	1
258164	1
258628	1
259069	1
259477	1
259930	1
260347	1
260747	1
261177	1
261579	1
261967	1
262391	1
262804	1
263212	1
263650	1
264085	1
264491	1
264956	1
265407	1
265831	1
266305	1
266765	1
267176	1
267626	1
268056	1
268461	1
268900	1
269332	1
269734	1
270175	1
270660	1
271076	1
271517	1
271971	1
272401	1
272801	1
273258	1
273683	1
274036	10
274403	13
274746	10
275085	13
275436	10
275794	10
276272	1
276657	1
277043	1
277440	1
277888	1
278345	1
278773	1
279226	1
279664	1
280089	1
280530	1
280992	1
281410	1
281900	1
282394	1
282848	1
283337	1
283810	1
284272	1
284747	1
285210	1
285671	1
286110	1
286582	1
287020	1
287491	1
287958	1
288390	1
288822	1
289284	1
289691	1
290092	1
290482	1
290831	10
291187	1
291538	13
291881	10
292258	1
292790	1
293292	1
293804	1
294282	1
294727	1
295192	1
295641	1
296079	1
296535	1
296964	1
297391	1
297876	1
298308	1
298788	1
299266	1
299718	1
300165	1
300634	1
301059	1
301532	1
301984	1
302396	1
302836	1
303284	1
303684	1
304121	1
304560	1
304974	1
305441	1
305903	1
306340	1
306794	1
307264	1
307685	1
308122	1
308554	1
308964	1
309363	1
309814	1
310275	1
310693	1
311068	1
311422	10
311781	10
312158	1
312601	1
313011	1
313480	1
313954	1
314348	1
314766	1
315183	1
315573	1
315985	1
316409	1
316810	1
317261	1
317700	1
318102	1
318567	1
319023	1
319440	1
319890	1
320341	1
320752	1
321217	1
321657	1
322086	1
322539	1
322983	1
323407	1
323902	1
324352	1
324822	1
325292	1
325731	1
326159	1
326654	1
327104	1
327516	1
327993	1
328456	1
328876	1
329329	1
329765	1
330155	1
330587	1
331014	1
331422	1
331878	1
332321	1
332743	1
333211	1
333632	1
334035	1
334478	1
334905	1
335310	1
335768	1
336221	1
336634	1
337105	1
337576	1
338010	1
338472	1
338938	1
339360	1
339831	1
340284	1
340688	1
341125	1
341596	1
342014	1
342425	1
342866	1
343287	1
343693	1
344151	1
344600	1
345002	1
345459	1
345895	1
346294	1
346704	1
347125	1
347509	1
347892	1
348313	1
348736	1
349128	1
349575	1
350033	1
350448	1
350907	1
351374	1
351793	1
352255	1
352726	1
353135	1
353591	1
354047	1
354443	1
354865	1
355311	1
355717	1
356161	1
356634	1
357046	1
357476	1
357918	1
358360	1
358778	1
359238	1
359687	1
360104	1
360562	1
361020	1
361423	1
361845	1
362273	1
362674	1
363085	1
363518	1
363937	1
364328	1
364737	1
365155	1
365549	1
365995	1
366472	1
366917	1
367367	1
367817	1
368223	1
368664	1
369104	1
369517	1
369923	1
370348	1
370775	1
371178	1
371626	1
372059	1
372473	1
372934	1
373372	1
373775	1
374203	1
374636	1
375055	1
375515	1
375982	1
376405	1
376833	1
377246	1
377595	10
377959	13
378306	13
378630	13
378970	13
379306	13
379695	1
380094	1
380610	1
381103	1
381567	1
382061	1
382547	1
383016	1
383505	1
383950	1
384395	1
384839	1
385236	1
385656	1
386083	1
386483	1
386906	1
387328	1
387727	1
388196	1
388624	1
389037	1
389497	1
389974	1
390398	1
390894	1
391368	1
391806	1
392264	1
392718	1
393124	1
393608	1
394073	1
394491	1
394957	1
395385	1
395788	1
396238	1
396672	1
397060	1
397518	1
397963	1
398337	1
398697	1
399054	1
399405	1
399757	1
400156	1
400570	1
401107	1
401600	1
402088	1
402581	1
403046	1
403521	1
403976	1
404393	1
404836	1
405268	1
405673	1
406138	1
406563	1
406945	1
407348	1
407802	1
408211	1
408670	1
409181	1
409630	1
410063	1
410530	1
410953	1
411380	1
411808	1
412189	1
412601	1
413091	1
413551	1
413987	1
414453	1
414886	1
415292	1
415725	1
416178	1
416585	1
417058	1
417481	1
417915	1
418380	1
418807	1
419242	1
419687	1
420104	1
420492	1
420914	1
421367	1
421785	1
422228	1
422679	1
423090	1
423504	1
423928	1
424338	1
424727	1
425148	1
425566	1
425948	1
426382	1
426818	1
427218	1
427647	1
428102	1
428499	1
428921	1
429306	1
429654	10
430007	10
430361	10
430705	10
431131	1
431652	1
432138	1
432634	1
433111	1
433553	1
434033	1
434455	1
434870	1
435306	1
435771	1
436176	1
436638	1
437090	1
437495	1
437933	1
438380	1
438772	1
439184	1
439615	1
440023	1
440432	1
440911	1
441407	1
441844	1
442321	1
442786	1
443214	1
443670	1
444144	1
444545	1
445002	1
445452	1
445855	1
446300	1
446743	1
447146	1
447536	1
447990	1
448456	1
448868	1
449329	1
449790	1
450192	1
450652	1
451106	1
451506	1
451964	1
452408	1
452812	1
453229	1
453703	1
454138	1
454566	1
455014	1
455446	1
455838	1
456271	1
456696	1
457081	1
457497	1
457916	1
458302	1
458699	1
459144	1
459566	1
459977	1
460412	1
460866	1
461271	1
461756	1
462222	1
462636	1
463090	1
463569	1
464003	1
464460	1
464935	1
465370	1
465786	1
466248	1
466703	1
467113	1
467562	1
468010	1
468411	1
468844	1
469279	1
469672	1
470117	1
470570	1
470998	1
471391	1
471831	1
472256	1
472654	1
473094	1
473542	1
473949	1
474374	1
474817	1
475222	1
475631	1
476067	1
476446	1
476809	1
477163	1
477505	1
477853	1
478202	1
478554	1
478899	1
479248	1
479626	1
480152	1
480617	1
481075	1
481578	1
482037	1
482494	1
483009	1
483472	1
483878	1
484260	10
484632	13
484969	13
485316	13
485657	13
486001	13
486364	13
486744	10
487153	1
487683	1
488183	1
488654	1
489163	1
489637	1
490094	1
490569	1
491030	1
491515	1
491992	1
492420	1
492900	1
493364	1
493789	1
494264	1
494695	1
495086	1
495519	1
495956	1
496366	1
496828	1
497289	1
497705	1
498159	1
498590	1
498996	1
499466	1
499936	1
500350	1
500821	1
501271	1
501673	1
502105	1
502503	1
502889	1
503322	1
503803	1
504207	1
504666	1
505128	1
505544	1
505946	1
506324	1
506671	10
507012	13
507352	13
507694	10
508058	1
508566	1
509083	1
509546	1
510055	1
510554	1
511019	1
511489	1
511973	1
512420	1
512876	1
513320	1
513751	1
514163	1
514612	1
515054	1
515459	1
515922	1
516370	1
516787	1
517194	1
517585	1
517961	1
518369	1
518755	1
519184	1
519620	1
520023	1
520418	1
520811	1
521177	1
521544	1
521913	1
522304	1
522672	1
523032	1
523424	1
523803	1
524170	1
524533	1
524911	1
525282	1
525622	1
525986	1
526340	1
526674	1
527028	1
527376	1
527736	1
528096	1
528463	1
528855	1
529232	1
529607	1
530048	1
530514	1
530967	1
531457	1
531924	1
532322	10
532758	1
533193	1
533608	1
534084	1
534539	1
535001	1
535435	1
535837	1
536276	1
536748	1
537240	1
537717	1
538205	1
538589	10
538974	10
539359	10
539731	10
540126	13
540603	1
541099	1
541622	1
542129	1
542600	1
543094	1
543556	1
543974	1
544432	1
544874	1
545281	1
545693	1
546129	1
546491	10
546872	1
547258	1
547615	1
547970	1
548341	1
548709	1
549089	1
549538	1
550008	1
550486	1
550956	1
551397	1
551827	1
552315	1
552783	1
553202	1
553660	1
554084	1
554483	1
554923	1
555362	1
555776	1
556234	1
556716	1
557105	1
557466	13
557829	10
558185	10
558560	1
558959	1
559451	1
559952	1
560456	1
560936	1
561438	1
561911	1
562349	1
562795	1
563256	1
563664	1
564098	1
564547	1
564969	1
565354	1
565725	1
566096	1
566450	1
566827	1
567247	1
567673	1
568205	1
568677	1
569138	1
569625	1
570077	1
570506	1
570964	1
571382	1
571788	1
572247	1
572735	1
573164	1
573645	1
574083	1
574544	1
575008	1
575436	1
575938	1
576425	1
576847	1
577304	1
577746	1
578120	10
578482	13
578850	10
579209	10
579595	13
580113	1
580582	1
581079	1
581544	1
581988	1
582470	1
582899	1
583310	1
583773	1
584224	1
584658	1
585128	1
585586	1
586002	1
586461	1
586889	1
587303	1
587745	1
588165	1
588570	1
589021	1
589442	1
589853	1
590320	1
590765	1
591191	1
591652	1
592110	1
592517	1
592970	1
593382	1
593774	1
594203	1
594629	1
595031	1
595497	1
595977	1
596389	1
596846	1
597324	1
597750	1
598174	1
598644	1
599069	1
599453	1
599860	1
600274	1
600581	10
600932	1
601295	1
601691	1
602239	1
602733	1
603240	1
603745	1
604212	1
604708	1
605187	1
605625	1
606066	1
606512	1
606940	1
607355	1
607798	1
608252	1
608669	1
609138	1
609596	1
610008	1
610439	1
610859	1
611252	1
611680	1
612093	1
612501	1
612954	1
613395	1
613816	1
614271	1
614701	1
615091	1
615527	1
615933	1
616331	1
616756	1
617161	1
617530	1
617893	1
618256	1
618608	1
618985	1
619473	1
619947	1
620448	1
620937	1
621366	1
621836	1
622299	1
622724	1
623158	1
623627	1
624053	1
624455	1
624901	1
625334	1
625736	1
626173	1
626583	1
626984	1
627418	1
627848	1
628264	1
628731	1
629225	1
629667	1
630097	1
630533	1
630948	1
631374	1
631861	1
632318	1
632760	1
633215	1
633656	1
634064	1
634511	1
634958	1
635368	1
635799	1
636234	1
636633	1
637065	1
637526	1
637943	1
638332	1
638753	1
639165	1
639569	1
639982	1
640385	1
640750	1
641087	10
641434	1
641766	10
642107	1
642462	1
642824	1
643227	1
643636	1
644016	1
644410	1
644795	1
645159	1
645513	1
645961	1
646364	1
646745	1
647127	1
647514	1
647885	1
648256	1
648635	1
649006	1
649351	1
649698	1
