108263	1
108693	1
109116	1
109551	1
109972	1
110402	1
110818	1
111245	1
111670	1
112085	1
112510	1
112928	1
113350	1
113772	1
114196	1
114632	1
115050	1
115476	1
115894	1
116308	1
116725	1
117152	1
117567	1
117991	1
118409	1
118834	1
119255	1
119677	1
120104	1
120521	1
120949	1
121357	1
121772	1
122188	1
122600	1
123026	1
123441	1
123873	1
124294	1
124710	1
125131	1
125551	1
125970	1
126396	1
126820	1
127242	1
127661	1
128074	1
128499	1
128909	1
129326	1
129739	1
130148	1
130571	1
130988	1
131421	1
131850	1
132272	1
132701	1
133111	1
133531	1
133938	1
134356	1
134780	1
135200	1
135636	1
136064	1
136502	1
136939	1
137358	1
137788	1
138230	1
138659	1
139102	1
139527	1
139967	1
140407	1
140830	1
141277	1
141706	1
142136	1
142553	1
142974	1
143398	1
143816	1
144245	1
144670	1
145110	1
145546	1
145995	1
146433	1
146866	1
147302	1
147736	1
148155	1
148579	1
149001	1
149434	1
149873	1
150303	1
150754	1
151180	1
151623	1
152053	1
152486	1
152927	1
153356	1
153788	1
154232	1
154657	1
155085	1
155510	1
155931	1
156362	1
156776	1
157207	1
157626	1
158055	1
158491	1
158909	1
159342	1
159762	1
160196	1
160621	1
161051	1
161477	1
161887	1
162314	1
162732	1
163157	1
163579	1
164010	1
164420	1
164835	1
165245	1
165677	1
166095	1
166524	1
166956	1
167387	1
167813	1
168243	1
168678	1
169087	1
169509	1
169926	1
170339	1
170766	1
171187	1
171619	1
172035	1
172472	1
172892	1
173304	1
173726	1
174148	1
174584	1
175011	1
175450	1
175884	1
176301	1
176721	1
177133	1
177549	1
177960	1
178376	1
178797	1
179221	1
179652	1
180082	1
180511	1
180935	1
181379	1
181808	1
182252	1
182692	1
183140	1
183583	1
184027	1
184467	1
184894	1
185329	1
185758	1
186194	1
186620	1
187053	1
187477	1
187895	1
188317	1
188743	1
189150	1
189571	1
189976	1
190389	1
190801	1
191212	1
191637	1
192047	1
192473	1
192897	1
193310	1
193736	1
194157	1
194586	1
195003	1
195438	1
195863	1
196273	1
196699	1
197121	1
197557	1
197981	1
198419	1
198842	1
199278	1
199710	1
200140	1
200571	1
201003	1
201438	1
201868	1
202292	1
202722	1
203146	1
203570	1
203994	1
204415	1
204826	1
205248	1
205665	1
206077	1
206490	1
206909	1
207325	1
207748	1
208165	1
208603	1
209025	1
209460	1
209899	1
210333	1
210768	1
211190	1
211623	1
212053	1
212489	1
212933	1
213358	1
213798	1
214231	1
214679	1
215113	1
215549	1
215978	1
216398	1
216827	1
217253	1
217676	1
218110	1
218536	1
218967	1
219391	1
219824	1
220257	1
220674	1
221105	1
221525	1
221948	1
222373	1
222799	1
223236	1
223649	1
224089	1
224508	1
224928	1
225358	1
225789	1
226223	1
226646	1
227082	1
227524	1
227942	1
228370	1
228800	1
229222	1
229653	1
230083	1
230515	1
230952	1
231369	1
231789	1
232181	1
232584	1
232975	1
233367	1
233770	1
234168	1
234582	1
234980	1
235406	1
235828	1
236251	1
236678	1
237101	1
237532	1
237950	1
238384	1
238808	1
239234	1
239658	1
240086	1
240509	1
240922	1
241349	1
241759	1
242183	1
242599	1
243039	1
243465	1
243900	1
244339	1
244757	1
245192	1
245624	1
246051	1
246479	1
246904	1
247340	1
247760	1
248192	1
248620	1
249047	1
249473	1
249900	1
250330	1
250753	1
251177	1
251610	1
252034	1
252473	1
252898	1
253336	1
253753	1
254180	1
254598	1
255014	1
255443	1
255855	1
256274	1
256686	1
257089	1
257494	1
257878	1
258259	1
258629	1
258985	1
259343	1
259685	1
260024	1
260360	1
260692	1
261023	1
261329	1
261543	10
261899	1
262241	1
262579	1
262923	1
263269	1
263615	1
263972	1
264335	1
264698	1
265077	1
265465	1
265865	1
266275	1
266690	1
267124	1
267553	1
267990	1
268415	1
268850	1
269266	1
269696	1
270124	1
270542	1
270953	1
271347	1
271752	1
272117	1
272497	1
272873	1
273239	1
273622	1
274009	1
274397	1
274806	1
275220	1
275657	1
276086	1
276527	1
276960	1
277410	1
277838	1
278291	1
278721	1
279171	1
279603	1
280050	1
280484	1
280922	1
281361	1
281801	1
282242	1
282680	1
283125	1
283557	1
284010	1
284433	1
284868	1
285297	1
285725	1
286156	1
286566	1
286988	1
287393	1
287806	1
288213	1
288623	1
289045	1
289454	1
289882	1
290302	1
290737	1
291156	1
291586	1
292008	1
292441	1
292878	1
293307	1
293746	1
294166	1
294608	1
295028	1
295472	1
295902	1
296347	1
296776	1
297200	1
297632	1
298046	1
298471	1
298901	1
299319	1
299745	1
300165	1
300597	1
301020	1
301445	1
301867	1
302282	1
302699	1
303115	1
303532	1
303948	1
304365	1
304782	1
305195	1
305619	1
306036	1
306457	1
306880	1
307295	1
307714	1
308117	1
308533	1
308947	1
309380	1
309808	1
310240	1
310676	1
311097	1
311530	1
311952	1
312386	1
312820	1
313248	1
313684	1
314099	1
314539	1
314960	1
315389	1
315820	1
316235	1
316670	1
317095	1
317532	1
317962	1
318384	1
318810	1
319217	1
319635	1
320040	1
320459	1
320865	1
321294	1
321718	1
322134	1
322561	1
322994	1
323420	1
323853	1
324267	1
324688	1
325107	1
325530	1
325962	1
326376	1
326802	1
327216	1
327642	1
328070	1
328497	1
328916	1
329347	1
329786	1
330199	1
330628	1
331041	1
331467	1
331887	1
332301	1
332729	1
333138	1
333562	1
333974	1
334400	1
334823	1
335240	1
335671	1
336086	1
336508	1
336929	1
337338	1
337761	1
338174	1
338603	1
339023	1
339450	1
339887	1
340316	1
340753	1
341183	1
341616	1
342052	1
342485	1
342927	1
343349	1
343783	1
344207	1
344637	1
345060	1
345477	1
345901	1
346310	1
346733	1
347164	1
347578	1
348014	1
348428	1
348861	1
349279	1
349701	1
350121	1
350533	1
350964	1
351378	1
351809	1
352231	1
352655	1
353083	1
353495	1
353923	1
354337	1
354763	1
355184	1
355611	1
356036	1
356451	1
356880	1
357301	1
357719	1
358148	1
358565	1
358991	1
359419	1
359851	1
360280	1
360700	1
361141	1
361553	1
361976	1
362384	1
362809	1
363235	1
363657	1
364086	1
364473	1
364853	1
365227	1
365596	1
365966	1
366334	1
366705	1
367086	1
367475	1
367882	1
368316	1
368758	1
369208	1
369668	1
370107	1
370544	1
370985	1
371446	1
371883	1
372329	1
372768	1
373213	1
373649	1
374095	1
374539	1
374967	1
375403	1
375820	1
376244	1
376655	1
377071	1
377487	1
377885	1
378322	1
378744	1
379176	1
379620	1
380040	1
380479	1
380907	1
381356	1
381801	1
382232	1
382680	1
383128	1
383570	1
384027	1
384453	1
384890	1
385323	1
385774	1
386213	1
386664	1
387108	1
387548	1
387992	1
388431	1
388863	1
389297	1
389726	1
390162	1
390585	1
391019	1
391444	1
391876	1
392294	1
392719	1
393150	1
393562	1
393982	1
394403	1
394833	1
395253	1
395692	1
396116	1
396539	1
396965	1
397376	1
397793	1
398218	1
398638	1
399058	1
399464	1
399892	1
400322	1
400756	1
401203	1
401630	1
402069	1
402493	1
402939	1
403369	1
403817	1
404261	1
404694	1
405135	1
405559	1
405990	1
406407	1
406842	1
407266	1
407685	1
408108	1
408527	1
408951	1
409370	1
409799	1
410229	1
410647	1
411085	1
411517	1
411948	1
412379	1
412800	1
413229	1
413646	1
414065	1
414486	1
414894	1
415329	1
415747	1
416184	1
416605	1
417047	1
417488	1
417912	1
418354	1
418776	1
419207	1
419632	1
420059	1
420491	1
420905	1
421345	1
421763	1
422206	1
422635	1
423069	1
423496	1
423919	1
424346	1
424756	1
425179	1
425612	1
426031	1
426457	1
426877	1
427304	1
427721	1
428132	1
428557	1
428974	1
429389	1
429821	1
430235	1
430663	1
431070	1
431505	1
431933	1
432354	1
432793	1
433215	1
433652	1
434078	1
434519	1
434951	1
435383	1
435822	1
436238	1
436672	1
437092	1
437527	1
437947	1
438367	1
438790	1
439203	1
439624	1
440050	1
440471	1
440896	1
441308	1
441731	1
442148	1
442565	1
442996	1
443411	1
443843	1
444265	1
444702	1
445117	1
445550	1
445985	1
446416	1
446869	1
447295	1
447736	1
448157	1
448597	1
449028	1
449456	1
449888	1
450304	1
450736	1
451164	1
451600	1
452039	1
452468	1
452907	1
453330	1
453762	1
454202	1
454625	1
455051	1
455488	1
455922	1
456350	1
456787	1
457213	1
457642	1
458076	1
458490	1
458918	1
459335	1
459765	1
460193	1
460610	1
461043	1
461455	1
461873	1
462292	1
462697	1
463125	1
463542	1
463971	1
464408	1
464832	1
465263	1
465683	1
466111	1
466532	1
466962	1
467387	1
467806	1
468235	1
468660	1
469088	1
469516	1
469936	1
470358	1
470767	1
471191	1
471609	1
472029	1
472452	1
472865	1
473279	1
473686	1
474105	1
474529	1
474939	1
475371	1
475782	1
476210	1
476629	1
477070	1
477502	1
477921	1
478344	1
478755	1
479182	1
479604	1
480017	1
480441	1
480858	1
481280	1
481700	1
482115	1
482546	1
482968	1
483398	1
483833	1
484257	1
484684	1
485100	1
485534	1
485955	1
486393	1
486825	1
487256	1
487691	1
488107	1
488543	1
488952	1
489383	1
489802	1
490228	1
490654	1
491074	1
491500	1
491912	1
492342	1
492760	1
493172	1
493592	1
494002	1
494433	1
494849	1
495287	1
495718	1
496139	1
496568	1
496989	1
497413	1
497842	1
498263	1
498692	1
499112	1
499543	1
499970	1
500393	1
500825	1
501238	1
501654	1
502071	1
502489	1
502917	1
503323	1
503759	1
504173	1
504602	1
505028	1
505454	1
505879	1
506293	1
506729	1
507149	1
507575	1
508006	1
508426	1
508856	1
509273	1
509702	1
510125	1
510542	1
510966	1
511386	1
511808	1
512235	1
512649	1
513064	1
513472	1
513888	1
514311	1
514715	1
515143	1
515554	1
515975	1
516390	1
516819	1
517248	1
517667	1
518095	1
518509	1
518926	1
519341	1
519765	1
520185	1
520591	1
521023	1
521433	1
521863	1
522288	1
522715	1
523138	1
523559	1
523983	1
524401	1
524817	1
525245	1
525657	1
526077	1
526499	1
526912	1
527326	1
527730	1
528152	1
528569	1
528990	1
529415	1
529830	1
530247	1
530651	1
531070	1
531486	1
531896	1
532320	1
532729	1
533149	1
533552	1
533983	1
534403	1
534816	1
535245	1
535662	1
536090	1
536517	1
536932	1
537362	1
537777	1
538212	1
538630	1
539050	1
539474	1
539890	1
540309	1
540730	1
541155	1
541573	1
541983	1
542413	1
542829	1
543252	1
543669	1
544091	1
544507	1
544917	1
545348	1
545765	1
546184	1
546609	1
547022	1
547436	1
547863	1
548283	1
548723	1
549135	1
549571	1
549987	1
550420	1
550844	1
551277	1
551706	1
552126	1
552553	1
552961	1
553382	1
553803	1
554218	1
554629	1
555040	1
555463	1
555876	1
556298	1
556721	1
557142	1
557561	1
557978	1
558397	1
558803	1
559218	1
559638	1
560053	1
560474	1
560894	1
561311	1
561727	1
562141	1
562570	1
562980	1
563406	1
563820	1
564244	1
564654	1
565086	1
565510	1
565929	1
566359	1
566778	1
567201	1
567612	1
568035	1
568460	1
568885	1
569322	1
569738	1
570163	1
570569	1
571010	1
571427	1
571845	1
572276	1
572687	1
573114	1
573530	1
573955	1
574373	1
574783	1
575200	1
575600	1
576020	1
576432	1
576866	1
577275	1
577683	1
578087	1
578481	1
578877	1
579272	1
579669	1
580069	1
580478	1
580901	1
581330	1
581757	1
582195	1
582628	1
583061	1
583488	1
583919	1
584341	1
584757	1
585186	1
585606	1
586029	1
586467	1
586890	1
587320	1
587734	1
588162	1
588579	1
589007	1
589440	1
589857	1
590285	1
590700	1
591133	1
591556	1
591977	1
592403	1
592813	1
593239	1
593659	1
594086	1
594505	1
594927	1
595351	1
595760	1
596180	1
596604	1
597023	1
597447	1
597866	1
598290	1
598715	1
599137	1
599570	1
599983	1
600415	1
600831	1
601250	1
601669	1
602086	1
602512	1
602918	1
603350	1
603761	1
604179	1
604597	1
605008	1
605429	1
605829	1
606254	1
606666	1
607076	1
607498	1
607912	1
608337	1
608760	1
609178	1
609603	1
610013	1
610434	1
610867	1
611282	1
611713	1
612130	1
612550	1
612967	1
613382	1
613808	1
614220	1
614644	1
615066	1
615474	1
615900	1
616315	1
616741	1
617168	1
617592	1
618015	1
618423	1
618841	1
619263	1
619685	1
620119	1
620546	1
620982	1
621408	1
621833	1
622265	1
622675	1
623097	1
623524	1
623942	1
624372	1
624782	1
625212	1
625618	1
626042	1
626463	1
626867	1
627289	1
627702	1
628134	1
628559	1
628986	1
629415	1
629826	1
630254	1
630674	1
631107	1
631529	1
631963	1
632395	1
632812	1
633241	1
633664	1
634087	1
634506	1
634926	1
635346	1
635761	1
636186	1
636615	1
637026	1
637458	1
637870	1
638291	1
638703	1
639122	1
639548	1
639959	1
640379	1
640790	1
641198	1
641611	1
642019	1
642441	1
642846	1
643273	1
643691	1
644099	1
644514	1
644926	1
645345	1
645761	1
646171	1
646588	1
646995	1
647408	1
647827	1
648236	1
648659	1
649079	1
649505	1
