108117	1
108414	1
108732	1
109053	1
109371	1
109678	1
109980	1
110275	1
110569	1
110893	1
111215	1
111528	1
111833	1
112138	1
112444	1
112755	1
113071	1
113386	1
113713	1
114029	1
114341	1
114637	1
114940	1
115267	1
115592	1
115899	1
116212	1
116516	1
116824	1
117115	1
117434	1
117752	1
118059	1
118372	1
118679	1
118978	1
119277	1
119596	1
119920	1
120227	1
120539	1
120843	1
121137	1
121430	1
121756	1
122074	1
122377	1
122687	1
122996	1
123302	1
123593	1
123907	1
124227	1
124532	1
124844	1
125147	1
125437	1
125727	1
126055	1
126378	1
126690	1
126989	1
127298	1
127601	1
127902	1
128226	1
128546	1
128855	1
129176	1
129482	1
129781	1
130078	1
130404	1
130726	1
131040	1
131355	1
131661	1
131970	1
132283	1
132609	1
132929	1
133239	1
133549	1
133854	1
134161	1
134464	1
134782	1
135108	1
135415	1
135725	1
136020	1
136322	1
136628	1
136957	1
137288	1
137599	1
137912	1
138221	1
138518	1
138820	1
139138	1
139462	1
139765	1
140075	1
140374	1
140671	1
140976	1
141300	1
141610	1
141912	1
142219	1
142522	1
142825	1
143131	1
143455	1
143777	1
144088	1
144406	1
144711	1
145014	1
145328	1
145653	1
145985	1
146300	1
146602	1
146899	1
147200	1
147521	1
147849	1
148165	1
148473	1
148783	1
149083	1
149376	1
149698	1
150020	1
150353	1
150663	1
150969	1
151276	1
151581	1
151905	1
152236	1
152557	1
152865	1
153177	1
153489	1
153792	1
154109	1
154432	1
154754	1
155070	1
155375	1
155678	1
155978	1
156302	1
156625	1
156939	1
157244	1
157547	1
157852	1
158161	1
158491	1
158815	1
159127	1
159454	1
159767	1
160071	1
160377	1
160707	1
161030	1
161342	1
161653	1
161949	1
162246	1
162550	1
162871	1
163195	1
163503	1
163819	1
164124	1
164430	1
164738	1
165065	1
165383	1
165691	1
166002	1
166306	1
166609	1
166922	1
167245	1
167575	1
167884	1
168193	1
168495	1
168805	1
169120	1
169431	1
169751	1
170061	1
170372	1
170677	1
170974	1
171287	1
171604	1
171932	1
172234	1
172536	1
172833	1
173125	1
173438	1
173763	1
174080	1
174381	1
174691	1
174997	1
175294	1
175602	1
175921	1
176243	1
176551	1
176866	1
177163	1
177448	1
177767	1
178091	1
178400	1
178694	1
178997	1
179292	1
179589	1
179894	1
180208	1
180524	1
180835	1
181148	1
181446	1
181741	1
182053	1
182377	1
182704	1
183015	1
183319	1
183622	1
183932	1
184249	1
184569	1
184889	1
185195	1
185504	1
185810	1
186103	1
186346	13
186727	1
187052	1
187349	1
187641	1
187928	1
188216	1
188511	1
188827	1
189133	1
189426	1
189732	1
190031	1
190331	1
190619	1
190954	1
191276	1
191585	1
191899	1
192214	1
192519	1
192830	1
193164	1
193493	1
193797	1
194104	1
194405	1
194715	1
195034	1
195353	1
195687	1
196004	1
196319	1
196627	1
196923	1
197246	1
197571	1
197883	1
198184	1
198494	1
198787	1
199079	1
199390	1
199700	1
200006	1
200303	1
200605	1
200898	1
201190	1
201493	1
201802	1
202112	1
202408	1
202708	1
202995	1
203290	1
203581	1
203896	1
204208	1
204503	1
204807	1
205105	1
205401	1
205688	1
205994	1
206307	1
206610	1
206917	1
207223	1
207521	1
207810	1
208121	1
208435	1
208742	1
209039	1
209338	1
209634	1
209929	1
210242	1
210550	1
210862	1
211159	1
211461	1
211756	1
212041	1
212355	1
212672	1
212983	1
213281	1
213582	1
213874	1
214161	1
214472	1
214787	1
215102	1
215396	1
215697	1
215997	1
216295	1
216588	1
216897	1
217208	1
217512	1
217812	1
218103	1
218392	1
218681	1
218991	1
219301	1
219597	1
219898	1
220189	1
220474	1
220758	1
221064	1
221372	1
221674	1
221966	1
222268	1
222562	1
222850	1
223156	1
223474	1
223782	1
224075	1
224369	1
224667	1
224956	1
225263	1
225582	1
225898	1
226197	1
226509	1
226811	1
227114	1
227428	1
227749	1
228069	1
228375	1
228694	1
228995	1
229294	1
229619	1
229951	1
230265	1
230569	1
230882	1
231190	1
231488	1
231807	1
232126	1
232449	1
232749	1
233058	1
233353	1
233648	1
233970	1
234300	1
234624	1
234933	1
235140	10
235517	1
235823	1
236152	1
236475	1
236778	1
237097	1
237410	1
237710	1
238008	1
238332	1
238659	1
238983	1
239294	1
239604	1
239903	1
240205	1
240538	1
240859	1
241175	1
241488	1
241801	1
242100	1
242393	1
242710	1
243024	1
243345	1
243660	1
243961	1
244264	1
244567	1
244897	1
245217	1
245524	1
245843	1
246150	1
246454	1
246760	1
247082	1
247399	1
247705	1
248030	1
248338	1
248633	1
248933	1
249257	1
249587	1
249903	1
250217	1
250518	1
250817	1
251120	1
251446	1
251760	1
252069	1
252379	1
252682	1
252983	1
253280	1
253589	1
253908	1
254222	1
254538	1
254838	1
255144	1
255450	1
255785	1
256096	1
256400	1
256712	1
257020	1
257321	1
257626	1
257947	1
258268	1
258580	1
258892	1
259190	1
259469	1
259777	1
260101	1
260419	1
260720	1
261028	1
261332	1
261634	1
261949	1
262273	1
262594	1
262916	1
263235	1
263545	1
263850	1
264170	1
264479	1
264826	1
265138	1
265445	1
265744	1
266042	1
266352	1
266668	1
266983	1
267286	1
267590	1
267889	1
268183	1
268488	1
268807	1
269136	1
269446	1
269758	1
270059	1
270361	1
270689	1
271023	1
271348	1
271655	1
271964	1
272264	1
272557	1
272872	1
273183	1
273493	1
273802	1
274115	1
274413	1
274707	1
275034	1
275362	1
275685	1
275976	1
276279	1
276580	1
276870	1
277185	1
277508	1
277820	1
278130	1
278430	1
278728	1
279020	1
279338	1
279655	1
279974	1
280276	1
280581	1
280868	1
281162	1
281485	1
281807	1
282121	1
282427	1
282739	1
283051	1
283350	1
283663	1
283984	1
284315	1
284623	1
284922	1
285222	1
285521	1
285844	1
286168	1
286487	1
286784	1
287091	1
287397	1
287689	1
287999	1
288308	1
288628	1
288934	1
289240	1
289540	1
289846	1
290172	1
290509	1
290838	1
291149	1
291468	1
291777	1
292090	1
292425	1
292753	1
293065	1
293389	1
293701	1
294014	1
294315	1
294644	1
294971	1
295280	1
295594	1
295901	1
296201	1
296514	1
296839	1
297162	1
297465	1
297775	1
298067	1
298367	1
298665	1
298983	1
299287	1
299592	1
299903	1
300204	1
300500	1
300797	1
301113	1
301433	1
301737	1
302045	1
302343	1
302645	1
302938	1
303253	1
303565	1
303868	1
304171	1
304468	1
304761	1
305050	1
305361	1
305679	1
305991	1
306292	1
306592	1
306892	1
307184	1
307505	1
307816	1
308129	1
308435	1
308743	1
309042	1
309338	1
309652	1
309972	1
310296	1
310611	1
310913	1
311209	1
311505	1
311826	1
312142	1
312449	1
312732	1
313047	1
313343	1
313637	1
313946	1
314255	1
314560	1
314860	1
315164	1
315455	1
315744	1
316056	1
316376	1
316697	1
316994	1
317295	1
317592	1
317888	1
318192	1
318498	1
318808	1
319102	1
319404	1
319688	1
319973	1
320261	1
320574	1
320891	1
321191	1
321471	1
321784	1
322079	1
322370	1
322687	1
322997	1
323295	1
323591	1
323893	1
324174	1
324453	1
324758	1
325066	1
325370	1
325664	1
325963	1
326231	1
326535	1
326849	1
327165	1
327478	1
327777	1
328072	1
328365	1
328665	1
328972	1
329284	1
329597	1
329911	1
330220	1
330515	1
330808	1
331112	1
331428	1
331722	1
332035	1
332336	1
332626	1
332924	1
333218	1
333535	1
333848	1
334156	1
334465	1
334774	1
335084	1
335385	1
335705	1
336033	1
336347	1
336663	1
336970	1
337282	1
337588	1
337917	1
338244	1
338553	1
338861	1
339169	1
339470	1
339774	1
340096	1
340416	1
340721	1
341031	1
341326	1
341621	1
341919	1
342244	1
342562	1
342863	1
343170	1
343472	1
343764	1
344072	1
344392	1
344712	1
345019	1
345335	1
345636	1
345934	1
346235	1
346549	1
346857	1
347162	1
347463	1
347754	1
348049	1
348350	1
348662	1
348962	1
349259	1
349562	1
349854	1
350148	1
350432	1
350739	1
351047	1
351361	1
351660	1
351957	1
352251	1
352538	1
352860	1
353185	1
353499	1
353799	1
354105	1
354409	1
354706	1
355024	1
355345	1
355655	1
355963	1
356270	1
356572	1
356865	1
357189	1
357514	1
357836	1
358141	1
358449	1
358747	1
359043	1
359357	1
359670	1
359977	1
360280	1
360580	1
360871	1
361153	1
361463	1
361774	1
362089	1
362390	1
362694	1
362994	1
363291	1
363601	1
363917	1
364233	1
364536	1
364841	1
365141	1
365436	1
365741	1
366063	1
366391	1
366696	1
367003	1
367304	1
367605	1
367926	1
368256	1
368581	1
368888	1
369202	1
369515	1
369816	1
370135	1
370462	1
370779	1
371092	1
371402	1
371701	1
371998	1
372324	1
372646	1
372966	1
373275	1
373586	1
373890	1
374188	1
374513	1
374840	1
375154	1
375472	1
375784	1
376087	1
376378	1
376700	1
377018	1
377331	1
377643	1
377946	1
378244	1
378548	1
378871	1
379192	1
379501	1
379820	1
380127	1
380428	1
380732	1
381056	1
381378	1
381699	1
382012	1
382317	1
382623	1
382929	1
383255	1
383581	1
383889	1
384201	1
384508	1
384818	1
385131	1
385457	1
385787	1
386093	1
386411	1
386726	1
387035	1
387352	1
387676	1
388002	1
388316	1
388618	1
388922	1
389222	1
389546	1
389866	1
390183	1
390486	1
390796	1
391099	1
391391	1
391708	1
392032	1
392356	1
392668	1
392978	1
393278	1
393581	1
393912	1
394237	1
394558	1
394875	1
395191	1
395506	1
395815	1
396139	1
396462	1
396790	1
397114	1
397425	1
397735	1
398043	1
398372	1
398693	1
399001	1
399310	1
399611	1
399919	1
400231	1
400558	1
400884	1
401189	1
401508	1
401826	1
402136	1
402453	1
402793	1
403126	1
403440	1
403755	1
404060	1
404366	1
404698	1
405025	1
405350	1
405664	1
405984	1
406287	1
406581	1
406906	1
407229	1
407550	1
407862	1
408174	1
408474	1
408785	1
409113	1
409442	1
409756	1
410079	1
410390	1
410701	1
411011	1
411339	1
411658	1
411977	1
412293	1
412597	1
412896	1
413205	1
413535	1
413866	1
414174	1
414490	1
414800	1
415108	1
415416	1
415731	1
416054	1
416358	1
416673	1
416983	1
417282	1
417591	1
417916	1
418242	1
418548	1
418854	1
419159	1
419455	1
419780	1
420116	1
420448	1
420762	1
421085	1
421410	1
421726	1
422060	1
422395	1
422712	1
423034	1
423344	1
423647	1
423952	1
424281	1
424607	1
424915	1
425231	1
425541	1
425849	1
426161	1
426490	1
426823	1
427140	1
427465	1
427778	1
428083	1
428415	1
428754	1
429089	1
429415	1
429737	1
430060	1
430703	1
431036	1
431360	1
431689	1
432010	1
432328	1
432646	1
432978	1
433317	1
433634	1
433951	1
434259	1
434566	1
434884	1
435214	1
435539	1
435847	1
436165	1
436474	1
436776	1
437098	1
437429	1
437756	1
438070	1
438379	1
438684	1
438984	1
439312	1
439640	1
439956	1
440264	1
440579	1
440890	1
441203	1
441531	1
441857	1
442176	1
442500	1
442810	1
443112	1
443416	1
443747	1
444079	1
444398	1
444722	1
445030	1
445344	1
445663	1
445985	1
446307	1
446615	1
446924	1
447224	1
447518	1
447825	1
448144	1
448472	1
448777	1
449079	1
449379	1
449675	1
449978	1
450297	1
450610	1
450907	1
451212	1
451513	1
451810	1
452113	1
452432	1
452751	1
453066	1
453387	1
453694	1
453991	1
454311	1
454644	1
454962	1
455268	1
455582	1
455881	1
456182	1
456495	1
456814	1
457133	1
457443	1
457751	1
458051	1
458339	1
458653	1
458967	1
459284	1
459581	1
459875	1
460162	1
460455	1
460756	1
461068	1
461377	1
461674	1
461971	1
462268	1
462566	1
462859	1
463170	1
463482	1
463787	1
464089	1
464372	1
464656	1
464936	1
465243	1
465554	1
465856	1
466150	1
466452	1
466754	1
467044	1
467356	1
467671	1
467989	1
468294	1
468597	1
468891	1
469176	1
469487	1
469809	1
470122	1
470416	1
470719	1
471012	1
471300	1
471611	1
471922	1
472232	1
472530	1
472836	1
473128	1
473419	1
473718	1
474029	1
474341	1
474639	1
474935	1
475219	1
475507	1
475801	1
476107	1
476411	1
476709	1
477008	1
477302	1
477595	1
477879	1
478186	1
478499	1
478813	1
479111	1
479416	1
479713	1
480011	1
480335	1
480657	1
480970	1
481275	1
481583	1
481889	1
482184	1
482492	1
482807	1
483117	1
483418	1
483720	1
484014	1
484303	1
484620	1
484944	1
485265	1
485563	1
485868	1
486157	1
486450	1
486768	1
487083	1
487391	1
487692	1
487998	1
488295	1
488583	1
488894	1
489205	1
489521	1
489817	1
490104	1
490386	1
490656	1
490957	1
491255	1
491544	1
491827	1
492113	1
492380	1
492674	1
492943	1
493237	1
493527	1
493825	1
494107	1
494399	1
494677	1
494963	1
495249	1
495562	1
495877	1
496161	1
496473	1
496767	1
497056	1
497334	1
497625	1
497921	1
498214	1
498493	1
498776	1
499046	1
499319	1
499598	1
499886	1
500182	1
500468	1
500747	1
501028	1
501303	1
501577	1
501874	1
502166	1
502454	1
502729	1
503020	1
503298	1
503574	1
503841	1
504136	1
504426	1
504721	1
505006	1
505287	1
505563	1
505838	1
506131	1
506429	1
506724	1
507003	1
507294	1
507570	1
507848	1
508122	1
508410	1
508699	1
508993	1
509276	1
509558	1
509830	1
510105	1
510386	1
510687	1
510986	1
511277	1
511566	1
511847	1
512133	1
512410	1
512710	1
513003	1
513304	1
513586	1
513879	1
514168	1
514450	1
514737	1
515044	1
515352	1
515645	1
515936	1
516230	1
516518	1
516809	1
517128	1
517437	1
517740	1
518043	1
518343	1
518634	1
518918	1
519226	1
519529	1
519840	1
520144	1
520439	1
520727	1
521009	1
521318	1
521619	1
521909	1
522192	1
522481	1
522763	1
523045	1
523322	1
523617	1
523912	1
524213	1
524507	1
524799	1
525083	1
525365	1
525662	1
525971	1
526280	1
526571	1
526858	1
527157	1
527452	1
527753	1
528070	1
528389	1
528689	1
529001	1
529300	1
529595	1
529889	1
530207	1
530525	1
530825	1
531120	1
531413	1
531708	1
532012	1
532330	1
532645	1
532943	1
533252	1
533553	1
533849	1
534142	1
534457	1
534763	1
535064	1
535373	1
535669	1
535957	1
536245	1
536549	1
536855	1
537158	1
537454	1
537742	1
538037	1
538333	1
538649	1
538966	1
539286	1
539597	1
539907	1
540207	1
540505	1
540819	1
541144	1
541465	1
541771	1
542077	1
542388	1
542687	1
543010	1
543332	1
543649	1
543955	1
544262	1
544557	1
544850	1
545166	1
545491	1
545805	1
546110	1
546413	1
546703	1
546993	1
547315	1
547633	1
547946	1
548245	1
548552	1
548849	1
549140	1
549453	1
549774	1
550079	1
550379	1
550685	1
550981	1
551271	1
551599	1
551920	1
552239	1
552544	1
552858	1
553154	1
553441	1
553753	1
554067	1
554378	1
554684	1
554986	1
555269	1
555553	1
555858	1
556164	1
556467	1
556758	1
557052	1
557338	1
557630	1
557923	1
558227	1
558533	1
558834	1
559140	1
559441	1
559736	1
560032	1
560348	1
560666	1
560971	1
561274	1
561570	1
561859	1
562142	1
562460	1
562770	1
563075	1
563366	1
563668	1
563962	1
564250	1
564557	1
564873	1
565185	1
565483	1
565778	1
566063	1
566343	1
566651	1
566960	1
567270	1
567563	1
567863	1
568153	1
568450	1
568742	1
569054	1
569365	1
569667	1
569973	1
570270	1
570560	1
570856	1
571167	1
571482	1
571782	1
572091	1
572391	1
572693	1
572986	1
573298	1
573607	1
573911	1
574202	1
574498	1
574791	1
575077	1
575388	1
575708	1
576018	1
576314	1
576613	1
576910	1
577198	1
577512	1
577826	1
578139	1
578437	1
578744	1
579041	1
579329	1
579638	1
579956	1
580275	1
580578	1
580883	1
581180	1
581472	1
581785	1
582100	1
582409	1
582703	1
583008	1
583301	1
583591	1
583890	1
584201	1
584511	1
584815	1
585118	1
585401	1
585693	1
585976	1
586273	1
586578	1
586878	1
587173	1
587452	1
587736	1
588018	1
588317	1
588613	1
588911	1
589192	1
589479	1
589760	1
590033	1
590311	1
590606	1
590906	1
591202	1
591492	1
591775	1
592058	1
592335	1
592634	1
592940	1
593240	1
593524	1
593815	1
594104	1
594384	1
594669	1
594971	1
595274	1
595560	1
595858	1
596148	1
596435	1
596717	1
597032	1
597346	1
597656	1
597954	1
598252	1
598544	1
598835	1
599152	1
599472	1
599784	1
600087	1
600385	1
600683	1
600971	1
601279	1
601592	1
601909	1
602207	1
602505	1
602791	1
603085	1
603400	1
603714	1
604030	1
604331	1
604634	1
604933	1
605220	1
605526	1
605836	1
606156	1
606457	1
606758	1
607051	1
607346	1
607656	1
607983	1
608296	1
608595	1
608907	1
609214	1
609509	1
609809	1
610130	1
610447	1
610756	1
611060	1
611352	1
611647	1
611955	1
612276	1
612598	1
612897	1
613203	1
613495	1
613793	1
614094	1
614404	1
614710	1
615008	1
615313	1
615611	1
615903	1
616198	1
616517	1
616837	1
617142	1
617451	1
617747	1
618048	1
618343	1
618659	1
618969	1
619275	1
619570	1
619866	1
620160	1
620447	1
620750	1
621061	1
621364	1
621656	1
621938	1
622223	1
622502	1
622795	1
623102	1
623402	1
623682	1
623974	1
624260	1
624540	1
624807	1
625097	1
625372	1
625670	1
625941	1
626214	1
626480	1
626744	1
627013	1
627305	1
627586	1
627868	1
628144	1
628424	1
628697	1
628971	1
629259	1
629546	1
629830	1
630104	1
630383	1
630651	1
630925	1
631184	1
631468	1
631743	1
632029	1
632320	1
632598	1
632868	1
633120	1
633409	1
633693	1
633978	1
634253	1
634522	1
634790	1
635057	1
635326	1
635583	1
635860	1
636144	1
636436	1
636710	1
636992	1
637266	1
637547	1
637809	1
638107	1
638406	1
638716	1
639001	1
639274	1
639579	1
639838	1
640152	1
640453	1
640757	1
641045	1
641322	1
641599	1
641906	1
642189	1
642494	1
642793	1
643076	1
643365	1
643647	1
643923	1
644196	1
644494	1
644789	1
645061	1
645355	1
645659	1
645946	1
646223	1
646512	1
646816	1
647124	1
647420	1
647716	1
648002	1
648287	1
648572	1
648864	1
649156	1
649449	1
649732	1
