108200	1
108580	1
108941	1
109287	1
109504	10
109892	1
110254	1
110601	1
110964	1
111322	1
111690	1
112079	1
112452	1
112830	1
113191	1
113558	1
113924	1
114297	1
114667	1
115048	1
115422	1
115793	1
116185	1
116561	1
116949	1
117330	1
117716	1
118116	1
118505	1
118927	1
119312	1
119713	1
120099	1
120472	1
120862	1
121239	1
121626	1
122016	1
122403	1
122785	1
123159	1
123538	1
123929	1
124326	1
124714	1
125111	1
125482	1
125867	1
126247	1
126634	1
127021	1
127394	1
127784	1
128166	1
128546	1
128934	1
129317	1
129694	1
130074	1
130452	1
130835	1
131214	1
131597	1
131999	1
132382	1
132787	1
133165	1
133564	1
133950	1
134361	1
134753	1
135170	1
135571	1
135969	1
136378	1
136779	1
137183	1
137568	1
137962	1
138360	1
138757	1
139152	1
139535	1
139908	1
140307	1
140708	1
141112	1
141510	1
141905	1
142307	1
142693	1
143105	1
143499	1
143917	1
144321	1
144751	1
145159	1
145573	1
145971	1
146397	1
146803	1
147226	1
147623	1
148033	1
148422	1
148829	1
149217	1
149621	1
150017	1
150422	1
150852	1
151255	1
151657	1
152053	1
152451	1
152831	1
153215	1
153603	1
153997	1
154380	1
154777	1
155164	1
155570	1
155966	1
156377	1
156786	1
157183	1
157577	1
157989	1
158395	1
158804	1
159202	1
159601	1
160009	1
160355	1
160823	1
161244	1
161661	1
162078	1
162490	1
162899	1
163305	1
163704	1
164117	1
164511	1
164932	1
165334	1
165758	1
166187	1
166613	1
167035	1
167465	1
167867	1
168293	1
168700	1
169139	1
169542	1
169969	1
170375	1
170796	1
171198	1
171623	1
172027	1
172438	1
172839	1
173248	1
173643	1
174040	1
174434	1
174828	1
175226	1
175610	1
176005	1
176385	1
176774	1
177160	1
177562	1
177966	1
178383	1
178805	1
179214	1
179630	1
180046	1
180472	1
180904	1
181328	1
181741	1
182179	1
182596	1
183037	1
183466	1
183904	1
184331	1
184773	1
185205	1
185646	1
186074	1
186503	1
186919	1
187334	1
187752	1
188190	1
188608	1
189058	1
189487	1
189897	1
190325	1
190727	1
191131	1
191506	1
191896	1
192322	1
192715	1
193127	1
193523	1
193921	1
194308	1
194662	1
195053	1
195426	1
195791	1
196174	1
196538	1
196916	1
197286	1
197648	1
198032	1
198427	1
198774	1
199158	1
199539	1
199888	1
200251	1
200603	1
200971	1
201359	1
201756	1
202148	1
202555	1
202953	1
203353	1
203759	1
204163	1
204574	1
204980	1
205390	1
205803	1
206210	1
206622	1
207023	1
207422	1
207821	1
208226	1
208632	1
209031	1
209433	1
209826	1
210240	1
210639	1
211052	1
211442	1
211842	1
212241	1
212636	1
213029	1
213410	1
213807	1
214215	1
214612	1
215014	1
215413	1
215790	1
216197	1
216579	1
216993	1
217377	1
217771	1
218169	1
218559	1
218955	1
219343	1
219728	1
219960	10
220490	1
220880	1
221271	1
221548	10
222015	1
222412	1
222820	1
223206	1
223593	1
223974	1
224371	1
224759	1
225163	1
225548	1
225943	1
226337	1
226739	1
227136	1
227546	1
227942	1
228337	1
228749	1
229160	1
229561	1
229962	1
230369	1
230757	1
231160	1
231539	1
231935	1
232328	1
232727	1
233125	1
233509	1
233899	1
234284	1
234686	1
235080	1
235479	1
235859	1
236266	1
236651	1
237063	1
237454	1
237854	1
238255	1
238659	1
239063	1
239463	1
239865	1
240280	1
240689	1
241102	1
241506	1
241923	1
242341	1
242761	1
243177	1
243588	1
244021	1
244451	1
244880	1
245288	1
245701	1
246120	1
246514	1
246917	1
247290	1
247685	1
248073	1
248459	1
248872	1
249251	1
249654	1
250054	1
250452	1
250860	1
251236	1
251634	1
252017	1
252408	1
252804	1
253185	1
253577	1
253978	1
254390	1
254782	1
255181	1
255562	1
255958	1
256346	1
256748	1
257147	1
257555	1
257956	1
258379	1
258794	1
259210	1
259614	1
260038	1
260434	1
260848	1
261240	1
261644	1
262052	1
262454	1
262863	1
263253	1
263653	1
264052	1
264455	1
264859	1
265264	1
265664	1
266083	1
266472	1
266888	1
267274	1
267676	1
268076	1
268474	1
268884	1
269290	1
269695	1
270102	1
270511	1
270918	1
271331	1
271723	1
272146	1
272549	1
272971	1
273370	1
273775	1
274184	1
274602	1
275027	1
275432	1
275842	1
276253	1
276663	1
277070	1
277475	1
277881	1
278291	1
278695	1
279108	1
279503	1
279909	1
280306	1
280711	1
281104	1
281497	1
281888	1
282306	1
282715	1
283128	1
283531	1
283936	1
284356	1
284765	1
285180	1
285580	1
285998	1
286405	1
286824	1
287224	1
287665	1
288097	1
288510	1
288920	1
289329	1
289727	1
290137	1
290538	1
290961	1
291371	1
291769	1
292198	1
292609	1
293040	1
293445	1
293845	1
294247	1
294667	1
295075	1
295497	1
295908	1
296160	10
296729	1
297143	1
297559	1
297986	1
298381	1
298798	1
299193	1
299601	1
300014	1
300420	1
300854	1
301282	1
301709	1
302127	1
302547	1
302956	1
303366	1
303754	1
304156	1
304548	1
304944	1
305342	1
305734	1
306154	1
306551	1
306978	1
307377	1
307786	1
308200	1
308613	1
309032	1
309431	1
309838	1
310255	1
310679	1
311101	1
311507	1
311917	1
312322	1
312746	1
313150	1
313569	1
313981	1
314404	1
314825	1
315247	1
315652	1
316074	1
316494	1
316920	1
317342	1
317747	1
318183	1
318598	1
319028	1
319434	1
319864	1
320270	1
320699	1
321107	1
321526	1
321940	1
322356	1
322792	1
323197	1
323609	1
324042	1
324462	1
324884	1
325297	1
325708	1
326144	1
326563	1
326985	1
327404	1
327832	1
328242	1
328669	1
329068	1
329475	1
329889	1
330287	1
330701	1
331096	1
331492	1
331878	1
332285	1
332687	1
333086	1
333469	1
333855	1
334257	1
334687	1
335092	1
335514	1
335923	1
336338	1
336751	1
337165	1
337573	1
337938	1
338389	1
338829	1
339251	1
339695	1
340126	1
340551	1
340971	1
341388	1
341800	1
342214	1
342637	1
343038	1
343455	1
343870	1
344289	1
344706	1
345126	1
345549	1
345977	1
346376	1
346809	1
347215	1
347622	1
348039	1
348468	1
348877	1
349295	1
349704	1
350124	1
350545	1
350967	1
351376	1
351810	1
352223	1
352665	1
353102	1
353532	1
353959	1
354378	1
354802	1
355215	1
355621	1
356038	1
356454	1
356876	1
357301	1
357719	1
358138	1
358563	1
358965	1
359191	13
359760	1
360170	1
360611	1
361023	1
361444	1
361864	1
362277	1
362693	1
363112	1
363524	1
363937	1
364332	1
364743	1
365142	1
365551	1
365969	1
366389	1
366807	1
367234	1
367652	1
368081	1
368497	1
368919	1
369334	1
369766	1
370187	1
370625	1
371038	1
371462	1
371889	1
372291	1
372723	1
373140	1
373542	1
373976	1
374410	1
374830	1
375237	1
375662	1
375932	13
376487	1
376886	1
377170	10
377718	1
378117	1
378965	1
379380	1
380193	1
380622	1
381028	1
381435	1
381819	1
382171	1
382533	1
382879	1
383240	1
383597	1
384143	1
384482	1
384977	1
385371	1
385788	1
386189	1
386638	1
387058	1
387474	1
387886	1
388310	1
388728	1
389145	1
389547	1
389977	1
390392	1
390828	1
391244	1
391715	1
392158	1
392599	1
393013	1
393434	1
393842	1
394261	1
394687	1
395113	1
395528	1
395958	1
396372	1
396790	1
397193	1
397607	1
398013	1
398438	1
398846	1
399253	1
399677	1
400078	1
400505	1
400904	1
401337	1
401768	1
402182	1
402616	1
403038	1
403466	1
403899	1
404337	1
404769	1
405196	1
405620	1
406043	1
406486	1
406900	1
407319	1
407743	1
408165	1
408597	1
409023	1
409459	1
409898	1
410336	1
410761	1
411209	1
411655	1
412079	1
412522	1
412950	1
413360	1
413789	1
414198	1
414639	1
415051	1
415475	1
415890	1
416321	1
416732	1
417159	1
417571	1
417986	1
418392	1
418802	1
419199	1
419612	1
420012	1
420426	1
420830	1
421228	1
421637	1
422044	1
422475	1
422897	1
423321	1
423744	1
424172	1
424600	1
425033	1
425451	1
425880	1
426314	1
426741	1
427156	1
427590	1
427999	1
428442	1
428853	1
429269	1
429680	1
430097	1
430503	1
430922	1
431316	1
431732	1
432138	1
432555	1
432941	1
433339	1
433747	1
434170	1
434579	1
434997	1
435409	1
435833	1
436256	1
436676	1
437087	1
437521	1
437922	1
438351	1
438756	1
439012	10
439486	1
439920	1
440361	1
440779	1
441200	1
441619	1
442044	1
442459	1
442872	1
443277	1
443703	1
444119	1
444555	1
444961	1
445385	1
445798	1
446229	1
446627	1
447049	1
447469	1
447892	1
448316	1
448734	1
449135	1
449565	1
449965	1
450391	1
450794	1
451198	1
451608	1
452012	1
452427	1
452826	1
453239	1
453652	1
454072	1
454483	1
454894	1
455300	1
455722	1
456138	1
456558	1
456974	1
457406	1
457818	1
458251	1
458661	1
459079	1
459489	1
459914	1
460345	1
460779	1
461201	1
461632	1
462057	1
462485	1
462900	1
463328	1
463728	1
464159	1
464575	1
464999	1
465426	1
465859	1
466288	1
466708	1
467117	1
467543	1
467975	1
468384	1
468802	1
469222	1
469636	1
470045	1
470459	1
470868	1
471282	1
471692	1
472107	1
472513	1
472917	1
473319	1
473714	1
474108	1
474474	1
474834	1
475183	1
475545	1
475918	1
476280	1
476644	1
477015	1
477389	1
477770	1
478153	1
478529	1
478929	1
479316	1
479700	1
480088	1
480480	1
480869	1
481271	1
481669	1
482086	1
482507	1
482912	1
483345	1
483749	1
484165	1
484554	1
484949	1
485335	1
485725	1
486115	1
486510	1
486889	1
487288	1
487669	1
488062	1
488462	1
488842	1
489253	1
489636	1
490052	1
490436	1
490837	1
491238	1
491625	1
492023	1
492415	1
492802	1
493189	1
493574	1
493969	1
494370	1
494763	1
495173	1
495567	1
495965	1
496377	1
496773	1
497190	1
497572	1
497976	1
498356	1
498749	1
499143	1
499532	1
499927	1
500313	1
500703	1
501088	1
501471	1
501855	1
502236	1
502609	1
502983	1
503358	1
503734	1
504118	1
504497	1
504878	1
505276	1
505557	13
506054	1
506427	1
506658	13
507175	1
507551	1
507815	13
508338	1
508706	1
509065	1
509476	1
509868	1
510238	1
510619	1
510994	1
511379	1
511761	1
512145	1
512528	1
512922	1
513305	1
513703	1
514083	1
514459	1
514827	1
515214	1
515591	1
515984	1
516353	1
516734	1
517118	1
517501	1
517884	1
518264	1
518630	1
519014	1
519373	1
519759	1
520123	1
520507	1
520889	1
521275	1
521667	1
522048	1
522431	1
522805	1
523187	1
523572	1
523956	1
524334	1
524716	1
525104	1
525497	1
525887	1
526270	1
526645	1
527031	1
527398	1
527779	1
528146	1
528523	1
528914	1
529298	1
529688	1
530069	1
530452	1
530841	1
531225	1
531613	1
531989	1
532361	1
532735	1
533124	1
533510	1
533905	1
534287	1
534660	1
535045	1
535429	1
535818	1
536198	1
536558	1
536939	1
537297	1
537684	1
538048	1
538424	1
538791	1
539163	1
539541	1
539911	1
540262	1
540614	1
540988	1
541359	1
541724	1
542076	1
542433	1
542804	1
543156	1
543467	1
543832	1
544183	1
544538	1
544912	1
545274	1
545633	1
545975	1
546327	1
546687	1
547044	1
547408	1
547787	1
548167	1
548552	1
548956	1
549358	1
549759	1
550147	1
550546	1
550950	1
551369	1
551776	1
552182	1
552583	1
552995	1
553398	1
553795	1
554181	1
554576	1
554968	1
555368	1
555774	1
556156	1
556550	1
556935	1
557332	1
557723	1
558100	1
558488	1
558861	1
559241	1
559626	1
560009	1
560388	1
560777	1
561145	1
561532	1
561924	1
562309	1
562703	1
563079	1
563474	1
563855	1
564240	1
564635	1
565017	1
565259	13
565799	1
566195	1
566601	1
566983	1
567380	1
567754	1
568142	1
568526	1
568912	1
569300	1
569684	1
570066	1
570435	1
570799	1
571152	1
571517	1
571870	1
572234	1
572632	1
573028	1
573439	1
573826	1
574204	1
574601	1
574972	1
575363	1
575723	1
576097	1
576472	1
576828	1
577199	1
577553	1
577919	1
578301	1
578684	1
579069	1
579437	1
579795	1
580173	1
580547	1
580912	1
581301	1
581670	1
582056	1
582432	1
582820	1
583209	1
583591	1
583957	1
584329	1
584687	1
585054	1
585425	1
585782	1
586135	1
586512	1
586875	1
587252	1
587615	1
587970	1
588332	1
588690	1
589063	1
589429	1
589813	1
590190	1
590580	1
590959	1
591341	1
591739	1
592117	1
592513	1
592886	1
593282	1
593653	1
594023	1
594399	1
594765	1
595136	1
595485	1
595858	1
596219	1
596575	1
596933	1
597274	1
597624	1
597953	1
598311	1
598656	1
599013	1
599231	10
599656	1
600029	1
600400	1
600746	1
601098	1
601417	1
601759	1
602108	1
602438	1
602791	1
603130	1
603474	1
603825	1
604187	1
604536	1
604888	1
605241	1
605594	1
605952	1
606314	1
606667	1
607035	1
607396	1
607745	1
608109	1
608459	1
608813	1
609168	1
609499	1
609842	1
610205	1
610551	1
610901	1
611243	1
611595	1
611932	1
612281	1
612616	1
612960	1
613299	1
613656	1
613996	1
614346	1
614690	1
615040	1
615389	1
615730	1
616084	1
616421	1
616644	13
617084	1
617447	1
617799	1
618142	1
618487	1
618842	1
619187	1
619522	1
619854	1
620204	1
620548	1
620905	1
621275	1
621634	1
622000	1
622372	1
622734	1
623105	1
623462	1
623834	1
624189	1
624541	1
624932	1
625297	1
625648	1
626027	1
626390	1
626760	1
627113	1
627479	1
627863	1
628244	1
628645	1
629058	1
629472	1
629903	1
630300	1
630719	1
631115	1
631513	1
631911	1
632300	1
632710	1
633086	1
633475	1
633879	1
634249	1
634641	1
635031	1
635412	1
635800	1
636163	1
636538	1
636906	1
637272	1
637642	1
638014	1
638370	1
638765	1
639133	1
639489	1
639854	1
640232	1
640609	1
640966	1
641330	1
641692	1
642055	1
642442	1
642808	1
643164	1
643536	1
643916	1
644278	1
644655	1
645037	1
645406	1
645774	1
646151	1
646548	1
646919	1
647301	1
647685	1
648052	1
648423	1
648794	1
649154	1
649518	1
649884	1
