107982	1
108255	1
108528	1
108788	1
109054	1
109314	1
109581	1
109848	1
110120	1
110395	1
110673	1
110946	1
111213	1
111496	1
111772	1
112040	1
112301	1
112569	1
112835	1
113099	1
113367	1
113622	1
113879	1
114133	1
114402	1
114654	1
114906	1
115153	1
115411	1
115659	1
115913	1
116159	1
116411	1
116655	1
116903	1
117149	1
117392	1
117632	1
117878	1
118114	1
118360	1
118593	1
118830	1
119075	1
119324	1
119562	1
119804	1
120039	1
120296	1
120544	1
120794	1
121038	1
121294	1
121546	1
121801	1
122060	1
122321	1
122578	1
122836	1
123101	1
123360	1
123624	1
123879	1
124143	1
124410	1
124678	1
124946	1
125213	1
125474	1
125739	1
126007	1
126274	1
126538	1
126799	1
127070	1
127331	1
127590	1
127857	1
128128	1
128390	1
128649	1
128915	1
129185	1
129444	1
129702	1
129960	1
130219	1
130473	1
130731	1
130991	1
131248	1
131503	1
131753	1
132013	1
132267	1
132522	1
132767	1
133018	1
133269	1
133517	1
133763	1
134016	1
134254	1
134498	1
134737	1
134987	1
135218	1
135453	1
135682	1
135927	1
136155	1
136392	1
136619	1
136852	1
137093	1
137254	10
137328	10
137557	1
137787	1
138022	1
138251	1
138482	1
138702	1
138932	1
139161	1
139382	1
139604	1
139831	1
140067	1
140296	1
140514	1
140737	1
140971	1
141203	1
141434	1
141651	1
141881	1
142110	1
142344	1
142575	1
142811	1
143046	1
143270	1
143499	1
143738	1
143979	1
144214	1
144453	1
144675	1
144917	1
145152	1
145388	1
145626	1
145871	1
146111	1
146341	1
146583	1
146828	1
147073	1
147315	1
147545	1
147779	1
148025	1
148261	1
148503	1
148748	1
148994	1
149223	1
149470	1
149714	1
149966	1
150207	1
150448	1
150693	1
150943	1
151189	1
151442	1
151693	1
151947	1
152194	1
152441	1
152691	1
152944	1
153190	1
153434	1
153678	1
153929	1
154175	1
154421	1
154677	1
154935	1
155190	1
155442	1
155705	1
155964	1
156229	1
156488	1
156757	1
157012	1
157278	1
157548	1
157820	1
158087	1
158353	1
158631	1
158903	1
159177	1
159438	1
159712	1
159983	1
160254	1
160526	1
160793	1
161055	1
161317	1
161590	1
161859	1
162121	1
162374	1
162641	1
162902	1
163162	1
163426	1
163684	1
163937	1
164193	1
164450	1
164708	1
164960	1
165204	1
165450	1
165697	1
165948	1
166200	1
166454	1
166708	1
166957	1
167219	1
167495	1
167776	1
168056	1
168328	1
168613	1
168889	1
169168	1
169447	1
169727	1
169999	1
170272	1
170555	1
170829	1
171105	1
171380	1
171652	1
171928	1
172204	1
172478	1
172741	1
173010	1
173277	1
173551	1
173815	1
174073	1
174338	1
174602	1
174867	1
175131	1
175400	1
175657	1
175920	1
176184	1
176456	1
176718	1
176978	1
177237	1
177500	1
177760	1
178023	1
178285	1
178540	1
178800	1
179058	1
179324	1
179582	1
179839	1
180084	1
180343	1
180597	1
180851	1
181102	1
181351	1
181601	1
181848	1
182097	1
182356	1
182606	1
182849	1
183102	1
183361	1
183614	1
183864	1
184120	1
184378	1
184631	1
184889	1
185144	1
185402	1
185661	1
185924	1
186182	1
186442	1
186701	1
186963	1
187231	1
187498	1
187768	1
188033	1
188317	1
188590	1
188868	1
189143	1
189430	1
189709	1
189998	1
190294	1
190574	1
190851	1
191133	1
191417	1
191703	1
191979	1
192258	1
192534	1
192816	1
193105	1
193396	1
193678	1
193953	1
194244	1
194522	1
194800	1
195075	1
195353	1
195620	1
195891	1
196170	1
196440	1
196706	1
196970	1
197243	1
197512	1
197785	1
198062	1
198338	1
198617	1
198901	1
199184	1
199463	1
199744	1
200023	1
200299	1
200584	1
200857	1
201132	1
201402	1
201670	1
201951	1
202231	1
202498	1
202763	1
203044	1
203316	1
203590	1
203861	1
204132	1
204401	1
204679	1
204963	1
205235	1
205508	1
205788	1
206070	1
206347	1
206622	1
206899	1
207175	1
207447	1
207719	1
207984	1
208274	1
208544	1
208823	1
209101	1
209386	1
209675	1
209973	1
210260	1
210550	1
210846	1
211129	1
211417	1
211702	1
211984	1
212256	1
212528	1
212806	1
213075	1
213343	1
213616	1
213896	1
214166	1
214434	1
214712	1
214989	1
215267	1
215531	1
215814	1
216089	1
216358	1
216631	1
216906	1
217174	1
217433	1
217713	1
217986	1
218257	1
218515	1
218785	1
219048	1
219313	1
219579	1
219843	1
220107	1
220362	1
220621	1
220880	1
221137	1
221385	1
221633	1
221879	1
222129	1
222377	1
222628	1
222878	1
223117	1
223364	1
223615	1
223866	1
224111	1
224347	1
224592	1
224837	1
225077	1
225320	1
225556	1
225801	1
226040	1
226286	1
226534	1
226787	1
227036	1
227291	1
227541	1
227798	1
228053	1
228313	1
228576	1
228835	1
229087	1
229340	1
229601	1
229858	1
230114	1
230362	1
230621	1
230874	1
231132	1
231391	1
231656	1
231915	1
232177	1
232442	1
232709	1
232971	1
233238	1
233507	1
233772	1
234037	1
234301	1
234569	1
234840	1
235118	1
235386	1
235666	1
235942	1
236207	1
236477	1
236746	1
237015	1
237286	1
237561	1
237822	1
238090	1
238362	1
238629	1
238887	1
239146	1
239409	1
239668	1
239925	1
240188	1
240452	1
240714	1
240977	1
241235	1
241503	1
241761	1
242021	1
242272	1
242531	1
242790	1
243046	1
243309	1
243573	1
243833	1
244089	1
244358	1
244620	1
244881	1
245134	1
245396	1
245653	1
245909	1
246165	1
246417	1
246663	1
246912	1
247155	1
247394	1
247636	1
247876	1
248103	1
248337	1
248567	1
248801	1
249034	1
249278	1
249507	1
249739	1
249972	1
250220	1
250457	1
250697	1
250925	1
251173	1
251413	1
251654	1
251896	1
252144	1
252380	1
252627	1
252869	1
253120	1
253364	1
253608	1
253851	1
254101	1
254348	1
254599	1
254849	1
255105	1
255354	1
255610	1
255859	1
256117	1
256367	1
256621	1
256864	1
257124	1
257377	1
257631	1
257888	1
258151	1
258409	1
258666	1
258929	1
259196	1
259456	1
259714	1
259976	1
260235	1
260495	1
260756	1
261018	1
261279	1
261540	1
261799	1
262061	1
262314	1
262576	1
262827	1
263090	1
263348	1
263604	1
263861	1
264127	1
264387	1
264643	1
264906	1
265171	1
265435	1
265700	1
265972	1
266238	1
266502	1
266774	1
267049	1
267315	1
267583	1
267858	1
268134	1
268409	1
268681	1
268954	1
269226	1
269505	1
269782	1
270071	1
270348	1
270624	1
270907	1
271189	1
271469	1
271740	1
272022	1
272293	1
272569	1
272851	1
273129	1
273405	1
273690	1
273996	1
274290	1
274576	1
274866	1
275154	1
275446	1
275729	1
276010	1
276291	1
276569	1
276854	1
277124	1
277395	1
277658	1
277929	1
278197	1
278459	1
278730	1
279007	1
279282	1
279557	1
279840	1
280116	1
280399	1
280670	1
280946	1
281228	1
281514	1
281796	1
282069	1
282343	1
282618	1
282897	1
283168	1
283434	1
283705	1
283978	1
284250	1
284520	1
284789	1
285054	1
285318	1
285589	1
285862	1
286123	1
286385	1
286659	1
286925	1
287194	1
287466	1
287739	1
288006	1
288281	1
288556	1
288824	1
289098	1
289359	1
289633	1
289897	1
290163	1
290430	1
290715	1
290991	1
291264	1
291545	1
291812	1
292087	1
292352	1
292627	1
292893	1
293157	1
293423	1
293691	1
293953	1
294221	1
294501	1
294767	1
295045	1
295326	1
295614	1
295897	1
296179	1
296469	1
296755	1
297046	1
297333	1
297612	1
297893	1
298164	1
298447	1
298715	1
298977	1
299245	1
299515	1
299780	1
300038	1
300306	1
300572	1
300835	1
301094	1
301363	1
301620	1
301883	1
302148	1
302414	1
302678	1
302937	1
303196	1
303458	1
303717	1
303975	1
304232	1
304494	1
304762	1
305032	1
305310	1
305589	1
305866	1
306145	1
306440	1
306723	1
307011	1
307304	1
307586	1
307874	1
308165	1
308451	1
308726	1
309005	1
309295	1
309576	1
309866	1
310151	1
310445	1
310730	1
311011	1
311303	1
311595	1
311871	1
312152	1
312437	1
312709	1
312979	1
313262	1
313530	1
313792	1
314061	1
314333	1
314593	1
314854	1
315122	1
315384	1
315650	1
315912	1
316179	1
316440	1
316701	1
316965	1
317235	1
317496	1
317752	1
318011	1
318279	1
318543	1
318804	1
319063	1
319328	1
319592	1
319857	1
320130	1
320394	1
320658	1
320926	1
321201	1
321459	1
321724	1
321984	1
322244	1
322506	1
322771	1
323042	1
323302	1
323567	1
323829	1
324097	1
324358	1
324616	1
324868	1
325125	1
325379	1
325629	1
325883	1
326138	1
326387	1
326634	1
326885	1
327133	1
327380	1
327625	1
327873	1
328116	1
328355	1
328602	1
328850	1
329096	1
329340	1
329587	1
329839	1
330092	1
330348	1
330601	1
330861	1
331114	1
331373	1
331636	1
331909	1
332172	1
332435	1
332694	1
332965	1
333232	1
333496	1
333764	1
334029	1
334297	1
334569	1
334851	1
335114	1
335381	1
335655	1
335929	1
336195	1
336453	1
336722	1
336984	1
337253	1
337517	1
337787	1
338047	1
338310	1
338570	1
338832	1
339097	1
339359	1
339624	1
339886	1
340152	1
340422	1
340699	1
340967	1
341226	1
341487	1
341757	1
342019	1
342280	1
342540	1
342797	1
343058	1
343322	1
343590	1
343848	1
344117	1
344383	1
344664	1
344936	1
345208	1
345478	1
345753	1
346026	1
346307	1
346586	1
346861	1
347138	1
347416	1
347705	1
347984	1
348257	1
348533	1
348807	1
349072	1
349345	1
349623	1
349897	1
350179	1
350461	1
350739	1
351006	1
351273	1
351539	1
351804	1
352068	1
352328	1
352598	1
352857	1
353121	1
353378	1
353645	1
353900	1
354156	1
354409	1
354668	1
354918	1
355170	1
355426	1
355682	1
355932	1
356184	1
356442	1
356696	1
356953	1
357205	1
357467	1
357725	1
357990	1
358257	1
358529	1
358804	1
359082	1
359369	1
359657	1
359957	1
360236	1
360528	1
360816	1
361103	1
361391	1
361668	1
361949	1
362238	1
362531	1
362812	1
363088	1
363373	1
363654	1
363935	1
364216	1
364489	1
364771	1
365052	1
365347	1
365639	1
365924	1
366207	1
366492	1
366774	1
367049	1
367332	1
367607	1
367881	1
368154	1
368426	1
368696	1
368963	1
369242	1
369513	1
369772	1
370044	1
370313	1
370575	1
370837	1
371097	1
371357	1
371614	1
371869	1
372130	1
372381	1
372630	1
372886	1
373139	1
373389	1
373641	1
373886	1
374139	1
374387	1
374639	1
374883	1
375141	1
375392	1
375641	1
375895	1
376156	1
376412	1
376668	1
376928	1
377188	1
377444	1
377702	1
377969	1
378231	1
378489	1
378755	1
379029	1
379295	1
379561	1
379822	1
380092	1
380360	1
380630	1
380894	1
381155	1
381418	1
381682	1
381955	1
382215	1
382477	1
382738	1
383012	1
383277	1
383539	1
383798	1
384062	1
384327	1
384593	1
384862	1
385126	1
385394	1
385660	1
385934	1
386195	1
386463	1
386728	1
386998	1
387267	1
387533	1
387805	1
388077	1
388347	1
388610	1
388877	1
389145	1
389406	1
389664	1
389929	1
390183	1
390438	1
390699	1
390964	1
391219	1
391474	1
391735	1
391998	1
392259	1
392517	1
392771	1
393025	1
393278	1
393532	1
393788	1
394039	1
394285	1
394537	1
394797	1
395054	1
395312	1
395557	1
395822	1
396078	1
396341	1
396611	1
396885	1
397151	1
397422	1
397705	1
397980	1
398255	1
398527	1
398811	1
399086	1
399366	1
399650	1
399928	1
400207	1
400475	1
400760	1
401038	1
401316	1
401590	1
401864	1
402140	1
402416	1
402702	1
402979	1
403248	1
403530	1
403814	1
404106	1
404396	1
404696	1
404993	1
405296	1
405604	1
405890	1
406171	1
406458	1
406737	1
407008	1
407271	1
407545	1
407810	1
408080	1
408350	1
408616	1
408880	1
409142	1
409413	1
409686	1
409954	1
410215	1
410489	1
410763	1
411037	1
411320	1
411605	1
411882	1
412157	1
412437	1
412711	1
412984	1
413253	1
413522	1
413788	1
414060	1
414333	1
414602	1
414870	1
415136	1
415409	1
415675	1
415945	1
416213	1
416483	1
416756	1
417038	1
417326	1
417611	1
417890	1
418177	1
418471	1
418756	1
419029	1
419317	1
419600	1
419887	1
420174	1
420461	1
420749	1
421033	1
421319	1
421606	1
421889	1
422170	1
422448	1
422733	1
423014	1
423303	1
423596	1
423886	1
424197	1
424493	1
424780	1
425064	1
425356	1
425648	1
425941	1
426241	1
426522	1
426800	1
427105	1
427412	1
427718	1
428007	1
428297	1
428585	1
428865	1
429149	1
429430	1
429714	1
429997	1
430283	1
430568	1
430841	1
431125	1
431405	1
431691	1
431972	1
432256	1
432536	1
432814	1
433091	1
433363	1
433633	1
433894	1
434156	1
434419	1
434683	1
434947	1
435207	1
435462	1
435718	1
435979	1
436236	1
436490	1
436743	1
436984	1
437258	1
437514	1
437765	1
438029	1
438284	1
438544	1
438802	1
439075	1
439333	1
439602	1
439864	1
440136	1
440404	1
440676	1
440947	1
441210	1
441482	1
441746	1
442019	1
442287	1
442557	1
442823	1
443087	1
443354	1
443621	1
443899	1
444165	1
444435	1
444702	1
444980	1
445250	1
445517	1
445798	1
446074	1
446348	1
446629	1
446922	1
447205	1
447486	1
447786	1
448072	1
448367	1
448659	1
448956	1
449247	1
449538	1
449841	1
450136	1
450433	1
450733	1
451018	1
451297	1
451570	1
451848	1
452119	1
452392	1
452674	1
452949	1
453213	1
453482	1
453753	1
454022	1
454287	1
454549	1
454807	1
455067	1
455333	1
455598	1
455854	1
456117	1
456380	1
456651	1
456915	1
457183	1
457452	1
457726	1
457999	1
458279	1
458561	1
458840	1
459108	1
459376	1
459651	1
459923	1
460187	1
460455	1
460724	1
460988	1
461262	1
461539	1
461802	1
462076	1
462358	1
462641	1
462927	1
463210	1
463491	1
463756	1
464030	1
464303	1
464572	1
464835	1
465098	1
465364	1
465627	1
465888	1
466145	1
466413	1
466671	1
466928	1
467187	1
467456	1
467716	1
467976	1
468238	1
468507	1
468770	1
469030	1
469290	1
469547	1
469808	1
470071	1
470337	1
470595	1
470859	1
471122	1
471392	1
471651	1
471916	1
472171	1
472434	1
472692	1
472950	1
473215	1
473477	1
473733	1
473987	1
474252	1
474514	1
474777	1
475032	1
475295	1
475553	1
475816	1
476083	1
476355	1
476614	1
476877	1
477144	1
477411	1
477676	1
477937	1
478200	1
478463	1
478727	1
478989	1
479256	1
479516	1
479775	1
480032	1
480304	1
480566	1
480824	1
481079	1
481337	1
481593	1
481848	1
482108	1
482361	1
482608	1
482860	1
483118	1
483369	1
483618	1
483858	1
484110	1
484354	1
484604	1
484848	1
485092	1
485336	1
485577	1
485816	1
486058	1
486295	1
486539	1
486770	1
487012	1
487244	1
487486	1
487723	1
487967	1
488206	1
488434	1
488671	1
488917	1
489156	1
489388	1
489615	1
489850	1
490087	1
490317	1
490552	1
490783	1
491028	1
491261	1
491501	1
491740	1
491986	1
492224	1
492469	1
492705	1
492952	1
493197	1
493444	1
493692	1
493948	1
494199	1
494457	1
494714	1
494976	1
495238	1
495497	1
495764	1
496027	1
496291	1
496557	1
496832	1
497095	1
497361	1
497627	1
497894	1
498163	1
498430	1
498700	1
498964	1
499242	1
499519	1
499798	1
500070	1
500345	1
500631	1
500907	1
501180	1
501445	1
501720	1
501987	1
502245	1
502509	1
502776	1
503036	1
503294	1
503556	1
503817	1
504077	1
504332	1
504597	1
504852	1
505108	1
505371	1
505633	1
505890	1
506143	1
506394	1
506650	1
506902	1
507158	1
507410	1
507673	1
507932	1
508195	1
508466	1
508741	1
509008	1
509270	1
509544	1
509810	1
510076	1
510334	1
510602	1
510863	1
511126	1
511395	1
511663	1
511928	1
512201	1
512482	1
512755	1
513032	1
513300	1
513576	1
513844	1
514115	1
514389	1
514659	1
514930	1
515195	1
515474	1
515739	1
516007	1
516268	1
516544	1
516815	1
517084	1
517357	1
517631	1
517899	1
518165	1
518443	1
518712	1
518989	1
519267	1
519542	1
519821	1
520105	1
520390	1
520670	1
520943	1
521208	1
521480	1
521745	1
522007	1
522264	1
522523	1
522771	1
523025	1
523283	1
523535	1
523777	1
524023	1
524274	1
524521	1
524763	1
525010	1
525259	1
525508	1
525755	1
526005	1
526262	1
526512	1
526766	1
527014	1
527274	1
527524	1
527785	1
528035	1
528302	1
528562	1
528824	1
529088	1
529359	1
529623	1
529886	1
530155	1
530424	1
530691	1
530951	1
531226	1
531485	1
531748	1
532017	1
532287	1
532551	1
532818	1
533088	1
533354	1
533625	1
533889	1
534163	1
534425	1
534689	1
534956	1
535229	1
535497	1
535760	1
536035	1
536310	1
536592	1
536862	1
537142	1
537418	1
537690	1
537969	1
538238	1
538505	1
538773	1
539043	1
539309	1
539579	1
539846	1
540104	1
540369	1
540636	1
540903	1
541157	1
541416	1
541672	1
541937	1
542197	1
542454	1
542708	1
542967	1
543229	1
543488	1
543752	1
544016	1
544279	1
544537	1
544809	1
545069	1
545329	1
545583	1
545845	1
546099	1
546354	1
546612	1
546876	1
547129	1
547389	1
547648	1
547907	1
548167	1
548422	1
548677	1
548930	1
549180	1
549436	1
549691	1
549946	1
550201	1
550455	1
550719	1
550987	1
551252	1
551512	1
551778	1
552047	1
552319	1
552608	1
552888	1
553165	1
553448	1
553738	1
554012	1
554298	1
554576	1
554859	1
555142	1
555426	1
555713	1
555987	1
556264	1
556540	1
556824	1
557102	1
557373	1
557658	1
557942	1
558230	1
558511	1
558789	1
559073	1
559365	1
559682	1
559988	1
560288	1
560599	1
560886	1
561178	1
561474	1
561762	1
562043	1
562323	1
562613	1
562902	1
563199	1
563494	1
563788	1
564085	1
564378	1
564667	1
564947	1
565222	1
565506	1
565779	1
566058	1
566331	1
566603	1
566864	1
567129	1
567400	1
567663	1
567923	1
568181	1
568451	1
568714	1
568980	1
569234	1
569493	1
569754	1
570018	1
570284	1
570546	1
570811	1
571078	1
571350	1
571613	1
571875	1
572129	1
572394	1
572651	1
572905	1
573167	1
573430	1
573686	1
573939	1
574199	1
574456	1
574709	1
574958	1
575212	1
575459	1
575703	1
575952	1
576201	1
576445	1
576688	1
576928	1
577178	1
577422	1
577670	1
577908	1
578153	1
578397	1
578643	1
578888	1
579138	1
579389	1
579641	1
579897	1
580164	1
580422	1
580679	1
580938	1
581202	1
581456	1
581710	1
581971	1
582230	1
582485	1
582741	1
582998	1
583252	1
583507	1
583757	1
584011	1
584253	1
584504	1
584750	1
585003	1
585250	1
585493	1
585738	1
585992	1
586239	1
586488	1
586722	1
586978	1
587224	1
587474	1
587723	1
587977	1
588225	1
588473	1
588722	1
588979	1
589225	1
589477	1
589723	1
589977	1
590221	1
590467	1
590717	1
590971	1
591221	1
591473	1
591723	1
591985	1
592242	1
592498	1
592747	1
593000	1
593252	1
593501	1
593755	1
594008	1
594253	1
594498	1
594751	1
595003	1
595251	1
595493	1
595741	1
595990	1
596233	1
596481	1
596733	1
596981	1
597224	1
597474	1
597724	1
597977	1
598228	1
598474	1
598727	1
598979	1
599235	1
599495	1
599759	1
600022	1
600281	1
600540	1
600811	1
601070	1
601328	1
601579	1
601838	1
602088	1
602338	1
602592	1
602848	1
603096	1
603350	1
603609	1
603869	1
604129	1
604387	1
604648	1
604905	1
605162	1
605418	1
605677	1
605932	1
606192	1
606448	1
606715	1
606976	1
607241	1
607507	1
607785	1
608052	1
608324	1
608608	1
608878	1
609148	1
609417	1
609691	1
609954	1
610218	1
610482	1
610741	1
611002	1
611280	1
611581	1
611881	1
612179	1
612483	1
612781	1
613072	1
613354	1
613644	1
613938	1
614216	1
614503	1
614786	1
615068	1
615354	1
615634	1
615917	1
616187	1
616463	1
616730	1
616999	1
617274	1
617545	1
617807	1
618068	1
618341	1
618603	1
618869	1
619120	1
619384	1
619644	1
619903	1
620168	1
620423	1
620681	1
620934	1
621197	1
621459	1
621722	1
621968	1
622230	1
622484	1
622740	1
622994	1
623251	1
623500	1
623749	1
624004	1
624263	1
624511	1
624764	1
625016	1
625273	1
625531	1
625798	1
626066	1
626333	1
626600	1
626870	1
627151	1
627419	1
627689	1
627955	1
628227	1
628495	1
628762	1
629036	1
629306	1
629573	1
629839	1
630109	1
630370	1
630632	1
630887	1
631152	1
631406	1
631658	1
631917	1
632174	1
632423	1
632677	1
632931	1
633188	1
633443	1
633695	1
633951	1
634202	1
634455	1
634711	1
634968	1
635220	1
635470	1
635712	1
635968	1
636218	1
636467	1
636706	1
636957	1
637206	1
637457	1
637709	1
637970	1
638219	1
638469	1
638721	1
638984	1
639235	1
639491	1
639735	1
639986	1
640235	1
640483	1
640733	1
640980	1
641223	1
641468	1
641714	1
641967	1
642214	1
642460	1
642706	1
642961	1
643214	1
643467	1
643723	1
643986	1
644244	1
644500	1
644767	1
645027	1
645282	1
645535	1
645799	1
646055	1
646310	1
646564	1
646827	1
647080	1
647338	1
647596	1
647858	1
648111	1
648368	1
648619	1
648878	1
649136	1
649392	1
649651	1
