107926	1
108260	1
108582	1
108926	1
109282	1
109642	1
110006	1
110354	1
110699	1
111055	1
111418	1
111799	1
112173	1
112530	1
112888	1
113253	1
113623	1
113993	1
114361	1
114691	1
115069	1
115161	13
115325	13
115749	1
116098	1
116444	1
116777	1
117105	1
117440	1
117787	1
118152	1
118520	1
118861	1
119185	1
119520	1
119853	1
120179	1
120510	1
120831	1
121155	1
121467	1
121768	1
122099	1
122453	1
122810	1
123153	1
123483	1
123831	1
124187	1
124544	1
124901	1
125241	1
125571	1
125897	1
126235	1
126600	1
126961	1
127306	1
127644	1
127976	1
128298	1
128639	1
128993	1
129360	1
129702	1
130015	1
130340	1
130657	1
130996	1
131327	1
131655	1
131965	1
132274	1
132584	1
132918	1
133281	1
133656	1
134026	1
134373	1
134729	1
135112	1
135307	10
135733	1
136095	1
136442	1
136793	1
137145	1
137515	1
137895	1
138240	1
138589	1
138942	1
139318	1
139697	1
140071	1
140441	1
140783	1
141134	1
141502	1
141881	1
142259	1
142618	1
142956	1
143314	1
143688	1
144067	1
144447	1
144816	1
145164	1
145515	1
145886	1
146257	1
146612	1
146968	1
147323	1
147679	1
148059	1
148443	1
148819	1
149174	1
149529	1
149889	1
150267	1
150657	1
151020	1
151375	1
151737	1
152100	1
152478	1
152869	1
153251	1
153606	1
153968	1
154352	1
154730	1
155109	1
155485	1
155845	1
156195	1
156563	1
156952	1
157331	1
157680	1
158035	1
158393	1
158763	1
159126	1
159496	1
159874	1
160224	1
160581	1
160958	1
161342	1
161725	1
162094	1
162463	1
162827	1
163211	1
163603	1
163980	1
164341	1
164700	1
165061	1
165449	1
165840	1
166211	1
166566	1
166928	1
167301	1
167662	1
168038	1
168396	1
168735	1
169061	1
169399	1
169772	1
170136	1
170489	1
170851	1
171200	1
171546	1
171910	1
172280	1
172653	1
172999	1
173337	1
173708	1
174095	1
174463	1
174841	1
175200	1
175553	1
175922	1
176294	1
176672	1
177040	1
177386	1
177705	1
178038	1
178396	1
178760	1
179138	1
179498	1
179844	1
180221	1
180605	1
180982	1
181350	1
181698	1
182050	1
182395	1
182741	1
183082	1
183433	1
183775	1
184112	1
184456	1
184814	1
185164	1
185501	1
185830	1
186161	1
186498	1
186854	1
187214	1
187578	1
187903	1
188216	1
188538	1
188868	1
189219	1
189569	1
189908	1
190243	1
190571	1
190889	1
191234	1
191588	1
191944	1
192271	1
192594	1
192926	1
193265	1
193613	1
193957	1
194292	1
194630	1
194961	1
195293	1
195644	1
196012	1
196373	1
196710	1
197053	1
197399	1
197741	1
198091	1
198441	1
198788	1
199125	1
199465	1
199818	1
200176	1
200532	1
200878	1
201221	1
201558	1
201903	1
202250	1
202606	1
202968	1
203316	1
203656	1
204005	1
204352	1
204697	1
205041	1
205373	1
205705	1
206055	1
206427	1
206793	1
207167	1
207528	1
207886	1
208242	1
208631	1
209023	1
209385	1
209753	1
210117	1
210481	1
210856	1
211247	1
211629	1
211983	1
212359	1
212734	1
213102	1
213470	1
213821	1
214160	1
214503	1
214855	1
215242	1
215575	1
215989	1
216345	1
216697	1
217046	1
217397	1
217727	1
218068	1
218399	1
218719	1
219074	1
219450	1
219827	1
220191	1
220557	1
220924	1
221288	1
221676	1
222046	1
222396	1
222737	1
223072	1
223425	1
223790	1
224144	1
224493	1
224834	1
225179	1
225523	1
225897	1
226274	1
226642	1
227004	1
227358	1
227712	1
228094	1
228474	1
228833	1
229199	1
229558	1
229908	1
230280	1
230668	1
231040	1
231381	1
231742	1
232112	1
232483	1
232860	1
233235	1
233601	1
233947	1
234317	1
234713	1
235091	1
235459	1
235820	1
236182	1
236551	1
236944	1
237333	1
237688	1
238035	1
238389	1
238742	1
239116	1
239489	1
239837	1
240184	1
240544	1
240912	1
241289	1
241671	1
242043	1
242393	1
242758	1
243147	1
243535	1
243910	1
244276	1
244646	1
245002	1
245382	1
245777	1
246147	1
246496	1
246852	1
247231	1
247606	1
247983	1
248359	1
248715	1
249053	1
249414	1
249790	1
250153	1
250515	1
250860	1
251211	1
251558	1
251926	1
252307	1
252668	1
253026	1
253381	1
253752	1
254131	1
254508	1
254881	1
255228	1
255593	1
255970	1
256350	1
256740	1
257117	1
257466	1
257831	1
258215	1
258593	1
258966	1
259332	1
259690	1
260030	1
260384	1
260760	1
261134	1
261486	1
261835	1
262194	1
262557	1
262930	1
263305	1
263653	1
264010	1
264364	1
264722	1
265105	1
265478	1
265825	1
266175	1
266541	1
266907	1
267276	1
267645	1
268006	1
268354	1
268701	1
269079	1
269459	1
269822	1
270179	1
270543	1
270895	1
271267	1
271651	1
272014	1
272368	1
272722	1
273084	1
273455	1
273829	1
274197	1
274546	1
274903	1
275269	1
275629	1
276009	1
276385	1
276733	1
277077	1
277441	1
277825	1
278188	1
278547	1
278914	1
279263	1
279611	1
279991	1
280381	1
280742	1
281097	1
281462	1
281829	1
282199	1
282582	1
282952	1
283304	1
283666	1
284030	1
284414	1
284786	1
285155	1
285509	1
285857	1
286229	1
286606	1
286973	1
287334	1
287688	1
288040	1
288401	1
288793	1
289157	1
289514	1
289876	1
290222	1
290582	1
290961	1
291326	1
291681	1
292033	1
292382	1
292747	1
293125	1
293501	1
293851	1
294202	1
294560	1
294916	1
295278	1
295646	1
295997	1
296343	1
296695	1
297078	1
297453	1
297815	1
298191	1
298546	1
298900	1
299275	1
299633	1
299997	1
300332	1
300646	1
300978	1
301309	1
301665	1
302033	1
302401	1
302753	1
303109	1
303481	1
303870	1
304247	1
304619	1
304985	1
305346	1
305713	1
306089	1
306479	1
306840	1
307197	1
307552	1
307916	1
308261	1
308645	1
308988	1
309334	1
309676	1
310036	1
310415	1
310793	1
311141	1
311485	1
311832	1
312180	1
312547	1
312913	1
313256	1
313601	1
313951	1
314295	1
314658	1
314994	1
315313	1
315620	1
315931	1
316242	1
316572	1
316910	1
317240	1
317592	1
317936	1
318287	1
318644	1
319026	1
319408	1
319768	1
320115	1
320475	1
320846	1
321228	1
321592	1
321957	1
322308	1
322656	1
323022	1
323400	1
323769	1
324120	1
324463	1
324822	1
325190	1
325555	1
325920	1
326265	1
326579	1
326892	1
327210	1
327563	1
327924	1
328276	1
328626	1
328980	1
329347	1
329729	1
330097	1
330473	1
330833	1
331205	1
331582	1
331960	1
332329	1
332695	1
333058	1
333413	1
333750	1
334117	1
334465	1
334793	1
335102	1
335407	1
335717	1
336027	1
336353	1
336677	1
337002	1
337317	1
337632	1
337959	1
338308	1
338667	1
339022	1
339368	1
339732	1
340080	1
340442	1
340792	1
341122	1
341449	1
341781	1
342131	1
342514	1
342896	1
343276	1
343643	1
344015	1
344385	1
344754	1
345131	1
345495	1
345835	1
346162	1
346505	1
346867	1
347213	1
347535	1
347864	1
348197	1
348528	1
348876	1
349236	1
349601	1
349938	1
350247	1
350547	1
350849	1
351157	1
351463	1
351786	1
352109	1
352449	1
352793	1
353159	1
353542	1
353906	1
354258	1
354587	1
354917	1
355239	1
355581	1
355938	1
356300	1
356654	1
357002	1
357368	1
357752	1
358137	1
358506	1
358870	1
359228	1
359587	1
359966	1
360341	1
360708	1
361039	1
361369	1
361725	1
362065	1
362416	1
362751	1
363056	1
363354	1
363650	1
363946	1
364275	1
364627	1
364962	1
365278	1
365590	1
365921	1
366283	1
366661	1
367043	1
367421	1
367789	1
368164	1
368557	1
368952	1
369325	1
369664	1
370021	1
370378	1
370736	1
371100	1
371458	1
371811	1
372156	1
372508	1
372886	1
373246	1
373601	1
373951	1
374308	1
374669	1
375039	1
375421	1
375781	1
376130	1
376482	1
376844	1
377212	1
377574	1
377933	1
378293	1
378632	1
378980	1
379353	1
379728	1
380082	1
380422	1
380763	1
381127	1
381473	1
381803	1
382149	1
382476	1
382804	1
383129	1
383475	1
383852	1
384204	1
384554	1
384902	1
385252	1
385613	1
385988	1
386365	1
386723	1
387075	1
387428	1
387775	1
388142	1
388483	1
388804	1
389115	1
389440	1
389776	1
390125	1
390474	1
390830	1
391183	1
391531	1
391882	1
392262	1
392635	1
392988	1
393328	1
393681	1
394037	1
394398	1
394780	1
395137	1
395466	1
395809	1
396159	1
396533	1
396905	1
397275	1
397630	1
397973	1
398322	1
398689	1
399053	1
399419	1
399772	1
400120	1
400458	1
400809	1
401155	1
401497	1
401836	1
402184	1
402542	1
402905	1
403289	1
403668	1
404038	1
404389	1
404757	1
405136	1
405509	1
405893	1
406257	1
406613	1
406965	1
407347	1
407735	1
408096	1
408458	1
408815	1
409163	1
409537	1
409918	1
410287	1
410638	1
410988	1
411339	1
411715	1
412087	1
412447	1
412800	1
413157	1
413506	1
413871	1
414262	1
414623	1
414969	1
415325	1
415677	1
416049	1
416418	1
416777	1
417131	1
417477	1
417824	1
418191	1
418570	1
418924	1
419273	1
419629	1
419978	1
420349	1
420707	1
421074	1
421427	1
421769	1
422121	1
422490	1
422867	1
423223	1
423561	1
423898	1
424236	1
424568	1
424901	1
425248	1
425590	1
425928	1
426273	1
426628	1
427012	1
427386	1
427742	1
428100	1
428445	1
428804	1
429181	1
429562	1
429916	1
430265	1
430631	1
430991	1
431362	1
431731	1
432076	1
432423	1
432764	1
433099	1
433461	1
433823	1
434171	1
434506	1
434859	1
435225	1
435592	1
435965	1
436339	1
436683	1
437026	1
437392	1
437775	1
438142	1
438489	1
438836	1
439182	1
439533	1
439885	1
440240	1
440591	1
440933	1
441262	1
441612	1
441961	1
442318	1
442658	1
442975	1
443297	1
443614	1
443947	1
444306	1
444654	1
444982	1
445314	1
445650	1
446004	1
446357	1
446721	1
447082	1
447426	1
447765	1
448119	1
448470	1
448834	1
449188	1
449523	1
449871	1
450220	1
450563	1
450916	1
451261	1
451606	1
451947	1
452290	1
452651	1
453007	1
453360	1
453702	1
454037	1
454385	1
454726	1
455092	1
455459	1
455809	1
456141	1
456477	1
456824	1
457183	1
457526	1
457869	1
458218	1
458553	1
458895	1
459259	1
459610	1
459968	1
460313	1
460636	1
460986	1
461338	1
461681	1
462027	1
462364	1
462699	1
463031	1
463387	1
463767	1
464123	1
464474	1
464808	1
465154	1
465509	1
465873	1
466227	1
466564	1
466887	1
467215	1
467562	1
467912	1
468272	1
468618	1
468940	1
469279	1
469621	1
469970	1
470335	1
470688	1
471039	1
471379	1
471721	1
472084	1
472445	1
472806	1
473156	1
473510	1
473863	1
474204	1
474564	1
474925	1
475270	1
475598	1
475937	1
476300	1
476660	1
477029	1
477377	1
477721	1
478048	1
478394	1
478755	1
479123	1
479470	1
479815	1
480169	1
480526	1
480881	1
481258	1
481620	1
481955	1
482293	1
482635	1
483005	1
483350	1
483697	1
484039	1
484369	1
484711	1
485054	1
485414	1
485778	1
486132	1
486483	1
486844	1
487221	1
487604	1
487962	1
488311	1
488662	1
489012	1
489369	1
489726	1
490092	1
490440	1
490770	1
491109	1
491465	1
491822	1
492173	1
492503	1
492828	1
493155	1
493488	1
493828	1
494181	1
494519	1
494847	1
495176	1
495512	1
495861	1
496222	1
496583	1
496932	1
497251	1
497576	1
497910	1
498249	1
498582	1
498898	1
499198	1
499516	1
499827	1
500145	1
500471	1
500798	1
501125	1
501445	1
501769	1
502088	1
502435	1
502779	1
503113	1
503428	1
503731	1
504051	1
504384	1
504730	1
505096	1
505445	1
505776	1
506094	1
506427	1
506775	1
507119	1
507452	1
507799	1
508141	1
508489	1
508857	1
509238	1
509615	1
509959	1
510309	1
510672	1
511044	1
511419	1
511779	1
512131	1
512476	1
512830	1
513198	1
513563	1
513917	1
514273	1
514621	1
514974	1
515341	1
515712	1
516091	1
516448	1
516798	1
517142	1
517511	1
517885	1
518242	1
518588	1
518940	1
519290	1
519651	1
520020	1
520392	1
520744	1
521086	1
521447	1
521820	1
522181	1
522546	1
522881	1
523227	1
523570	1
523922	1
524269	1
524625	1
524973	1
525321	1
525661	1
526029	1
526408	1
526776	1
527136	1
527491	1
527833	1
528166	1
528513	1
528881	1
529231	1
529585	1
529950	1
530318	1
530696	1
531074	1
531438	1
531784	1
532022	13
532481	1
532872	1
533243	1
533606	1
533961	1
534323	1
534694	1
535065	1
535427	1
535777	1
536125	1
536489	1
536880	1
537279	1
537665	1
538048	1
538408	1
538755	1
539131	1
539513	1
539884	1
540225	1
540576	1
540944	1
541313	1
541673	1
542040	1
542405	1
542748	1
543094	1
543475	1
543855	1
544212	1
544564	1
544923	1
545293	1
545664	1
546043	1
546421	1
546764	1
547104	1
547463	1
547845	1
548218	1
548583	1
548950	1
549312	1
549670	1
550056	1
550440	1
550806	1
551150	1
551492	1
551850	1
552212	1
552579	1
552939	1
553280	1
553633	1
553994	1
554363	1
554733	1
555099	1
555446	1
555781	1
556145	1
556518	1
556880	1
557240	1
557600	1
557951	1
558305	1
558682	1
559062	1
559413	1
559757	1
560120	1
560478	1
560844	1
561218	1
561569	1
561891	1
562198	1
562524	1
562891	1
563263	1
563619	1
563975	1
564339	1
564694	1
565059	1
565445	1
565826	1
566176	1
566534	1
566905	1
567283	1
567654	1
568023	1
568393	1
568739	1
569093	1
569473	1
569852	1
570207	1
570557	1
570917	1
571281	1
571639	1
572011	1
572377	1
572728	1
573067	1
573423	1
573810	1
574180	1
574536	1
574887	1
575225	1
575566	1
575919	1
576285	1
576650	1
576992	1
577340	1
577703	1
578086	1
578470	1
578839	1
579201	1
579558	1
579903	1
580274	1
580656	1
581031	1
581388	1
581744	1
582117	1
582494	1
582869	1
583239	1
583594	1
583958	1
584315	1
584690	1
585069	1
585425	1
585768	1
586115	1
586487	1
586861	1
587227	1
587597	1
587933	1
588277	1
588636	1
589015	1
589379	1
589735	1
590087	1
590444	1
590796	1
591166	1
591538	1
591877	1
592209	1
592541	1
592869	1
593213	1
593551	1
593885	1
594223	1
594559	1
594913	1
595271	1
595645	1
596022	1
596375	1
596725	1
597087	1
597473	1
597845	1
598213	1
598580	1
598919	1
599266	1
599633	1
599997	1
600355	1
600700	1
601050	1
601403	1
601769	1
602134	1
602491	1
602844	1
603179	1
603513	1
603872	1
604236	1
604580	1
604914	1
605256	1
605588	1
605943	1
606308	1
606682	1
607025	1
607360	1
607693	1
608023	1
608365	1
608718	1
609066	1
609405	1
609757	1
610121	1
610507	1
610888	1
611270	1
611623	1
611974	1
612347	1
612716	1
613075	1
613430	1
613782	1
614135	1
614497	1
614860	1
615237	1
615597	1
615942	1
616296	1
616663	1
617042	1
617400	1
617771	1
618127	1
618476	1
618832	1
619207	1
619591	1
619945	1
620290	1
620655	1
621018	1
621387	1
621758	1
622130	1
622467	1
622805	1
623168	1
623536	1
623879	1
624221	1
624559	1
624898	1
625236	1
625598	1
625978	1
626339	1
626682	1
627030	1
627381	1
627733	1
628089	1
628441	1
628791	1
629138	1
629492	1
629870	1
630251	1
630633	1
630990	1
631348	1
631703	1
632071	1
632452	1
632820	1
633180	1
633534	1
633897	1
634286	1
634655	1
635017	1
635373	1
635736	1
636107	1
636490	1
636864	1
637224	1
637562	1
637904	1
638247	1
638597	1
638926	1
639262	1
639602	1
639953	1
640295	1
640657	1
641032	1
641404	1
641745	1
642080	1
642444	1
642820	1
643184	1
643550	1
643908	1
644275	1
644637	1
645020	1
645403	1
645757	1
646106	1
646458	1
646829	1
647202	1
647577	1
647942	1
648299	1
648655	1
649012	1
649380	1
649759	1
