107935	1
108270	1
108598	1
108930	1
109293	1
109663	1
110009	1
110363	1
110751	1
111121	1
111454	1
111808	1
112195	1
112546	1
112869	1
113209	1
113564	1
113891	1
114212	1
114552	1
114887	1
115207	1
115541	1
115882	1
116207	1
116536	1
116898	1
117271	1
117596	1
117935	1
118319	1
118646	1
118975	1
119317	1
119670	1
119991	1
120323	1
120669	1
121027	1
121344	1
121693	1
122049	1
122368	1
122675	1
123010	1
123363	1
123683	1
124004	1
124388	1
124763	1
125091	1
125432	1
125774	1
126106	1
126406	1
126741	1
127138	1
127480	1
127797	1
128144	1
128511	1
128824	1
129141	1
129489	1
129831	1
130137	1
130456	1
130802	1
131121	1
131423	1
131748	1
132092	1
132415	1
132722	1
133053	1
133427	1
133787	1
134114	1
134500	1
134869	1
135199	1
135539	1
135907	1
136236	1
136537	1
136864	1
137220	1
137537	1
137850	1
138211	1
138593	1
138923	1
139270	1
139670	1
140013	1
140326	1
140681	1
141065	1
141399	1
141703	1
142057	1
142425	1
142782	1
143120	1
143491	1
143889	1
144242	1
144564	1
144923	1
145269	1
145587	1
145896	1
146233	1
146578	1
146893	1
147215	1
147569	1
147947	1
148286	1
148659	1
149043	1
149376	1
149690	1
150012	1
150340	1
150646	1
150963	1
151296	1
151639	1
151947	1
152259	1
152592	1
152930	1
153234	1
153572	1
153945	1
154304	1
154635	1
154973	1
155306	1
155616	1
155916	1
156245	1
156599	1
156919	1
157224	1
157551	1
157861	1
158156	1
158457	1
158810	1
159160	1
159483	1
159874	1
160267	1
160597	1
160937	1
161294	1
161628	1
161943	1
162261	1
162598	1
162926	1
163227	1
163533	1
163866	1
164177	1
164490	1
164819	1
165192	1
165548	1
165863	1
166184	1
166517	1
166833	1
167137	1
167432	1
167723	1
168022	1
168330	1
168633	1
168942	1
169244	1
169687	1
170104	1
170470	1
170835	1
171209	1
171589	1
171947	1
172324	1
172698	1
173063	1
173419	1
173783	1
174139	1
174461	1
174798	1
175183	1
175535	1
175863	1
176233	1
176601	1
176926	1
177249	1
177599	1
177953	1
178299	1
178614	1
178966	1
179337	1
179716	1
180040	1
180363	1
180698	1
181035	1
181340	1
181654	1
182003	1
182359	1
182678	1
183014	1
183388	1
183742	1
184050	1
184392	1
184769	1
185105	1
185422	1
185758	1
186090	1
186396	1
186710	1
187038	1
187359	1
187670	1
187997	1
188345	1
188694	1
189016	1
189369	1
189772	1
190130	1
190481	1
190833	1
191176	1
191492	1
191828	1
192182	1
192515	1
192843	1
193173	1
193532	1
193874	1
194225	1
194581	1
194924	1
195250	1
195588	1
195922	1
196249	1
196564	1
196882	1
197217	1
197544	1
197857	1
198193	1
198540	1
198898	1
199223	1
199566	1
199932	1
200265	1
200587	1
200917	1
201232	1
201548	1
201883	1
202241	1
202578	1
202918	1
203296	1
203635	1
203953	1
204291	1
204637	1
204972	1
205295	1
205644	1
205996	1
206305	1
206634	1
206969	1
207288	1
207597	1
207927	1
208301	1
208628	1
208936	1
209308	1
209686	1
210013	1
210332	1
210684	1
211029	1
211343	1
211664	1
212008	1
212320	1
212621	1
212931	1
213265	1
213593	1
213891	1
214210	1
214559	1
214878	1
215178	1
215491	1
215817	1
216130	1
216427	1
216731	1
217099	1
217422	1
217723	1
218049	1
218382	1
218700	1
218998	1
219317	1
219680	1
220016	1
220320	1
220640	1
220986	1
221299	1
221599	1
221940	1
222303	1
222619	1
222920	1
223240	1
223623	1
223961	1
224309	1
224692	1
225041	1
225347	1
225692	1
226047	1
226376	1
226685	1
227010	1
227368	1
227686	1
227993	1
228312	1
228624	1
228932	1
229241	1
229574	1
229891	1
230205	1
230507	1
230800	1
231092	1
231419	1
231748	1
232049	1
232353	1
232691	1
233007	1
233309	1
233632	1
233982	1
234310	1
234613	1
234943	1
235311	1
235641	1
235947	1
236302	1
236671	1
237009	1
237309	1
237665	1
238010	1
238319	1
238641	1
238993	1
239330	1
239638	1
239962	1
240319	1
240639	1
240942	1
241271	1
241618	1
241943	1
242245	1
242558	1
242919	1
243244	1
243550	1
243884	1
244212	1
244522	1
244818	1
245135	1
245479	1
245793	1
246085	1
246404	1
246715	1
247026	1
247314	1
247625	1
247949	1
248256	1
248553	1
248874	1
249218	1
249538	1
249844	1
250187	1
250550	1
250872	1
251208	1
251548	1
251889	1
252206	1
252520	1
252875	1
253236	1
253551	1
253920	1
254301	1
254636	1
254956	1
255280	1
255635	1
255949	1
256283	1
256688	1
257074	1
257410	1
257751	1
258118	1
258438	1
258743	1
259057	1
259375	1
259688	1
260013	1
260344	1
260672	1
260998	1
261346	1
261739	1
262089	1
262425	1
262751	1
263064	1
263376	1
263692	1
264001	1
264315	1
264613	1
264924	1
265253	1
265573	1
265881	1
266196	1
266502	1
266797	1
267090	1
267411	1
267761	1
268076	1
268425	1
268852	1
269212	1
269563	1
269932	1
270286	1
270603	1
270937	1
271301	1
271633	1
271939	1
272284	1
272673	1
273025	1
273344	1
273692	1
274061	1
274395	1
274717	1
275057	1
275428	1
275755	1
276075	1
276423	1
276771	1
277082	1
277420	1
277780	1
278121	1
278436	1
278768	1
279116	1
279420	1
279713	1
280015	1
280331	1
280630	1
280921	1
281233	1
281568	1
281873	1
282162	1
282479	1
282814	1
283130	1
283427	1
283757	1
284135	1
284453	1
284780	1
285114	1
285436	1
285739	1
286051	1
286369	1
286686	1
286988	1
287289	1
287632	1
287954	1
288266	1
288584	1
288915	1
289240	1
289544	1
289907	1
290301	1
290658	1
291008	1
291358	1
291715	1
292031	1
292356	1
292710	1
293067	1
293397	1
293748	1
294130	1
294483	1
294802	1
295151	1
295504	1
295845	1
296153	1
296470	1
296822	1
297142	1
297443	1
297767	1
298119	1
298471	1
298785	1
299124	1
299475	1
299789	1
300097	1
300420	1
300753	1
301071	1
301387	1
301718	1
302062	1
302376	1
302701	1
303099	1
303478	1
303814	1
304146	1
304483	1
304816	1
305119	1
305461	1
305819	1
306168	1
306478	1
306800	1
307145	1
307500	1
307809	1
308134	1
308468	1
308808	1
309117	1
309427	1
309772	1
310098	1
310396	1
310720	1
311053	1
311377	1
311679	1
311979	1
312289	1
312605	1
312896	1
313196	1
313522	1
313876	1
314193	1
314552	1
315001	1
315370	1
315748	1
316131	1
316508	1
316856	1
317214	1
317587	1
317926	1
318256	1
318605	1
318955	1
319269	1
319590	1
319953	1
320303	1
320619	1
320976	1
321352	1
321703	1
322012	1
322354	1
322744	1
323081	1
323408	1
323774	1
324129	1
324447	1
324745	1
325085	1
325421	1
325724	1
326023	1
326328	1
326637	1
326934	1
327227	1
327548	1
327937	1
328267	1
328643	1
329048	1
329418	1
329739	1
330083	1
330468	1
330784	1
331097	1
331432	1
331764	1
332071	1
332402	1
332750	1
333088	1
333395	1
333716	1
334043	1
334365	1
334679	1
335011	1
335400	1
335738	1
336054	1
336384	1
336720	1
337040	1
337347	1
337696	1
338059	1
338380	1
338688	1
339033	1
339387	1
339715	1
340026	1
340390	1
340782	1
341108	1
341420	1
341740	1
342050	1
342362	1
342677	1
343035	1
343391	1
343703	1
344052	1
344469	1
344829	1
345165	1
345540	1
345919	1
346240	1
346563	1
346893	1
347237	1
347551	1
347881	1
348227	1
348582	1
348897	1
349222	1
349604	1
349988	1
350312	1
350640	1
350975	1
351288	1
351580	1
351902	1
352228	1
352545	1
352838	1
353157	1
353491	1
353821	1
354121	1
354449	1
354804	1
355157	1
355467	1
355799	1
356149	1
356458	1
356751	1
357057	1
357365	1
357671	1
357962	1
358259	1
358560	1
358863	1
359154	1
359453	1
359771	1
360094	1
360401	1
360717	1
361053	1
361387	1
361700	1
362038	1
362447	1
362801	1
363139	1
363488	1
363818	1
364120	1
364443	1
364800	1
365115	1
365429	1
365751	1
366092	1
366412	1
366718	1
367037	1
367374	1
367691	1
367997	1
368311	1
368638	1
368982	1
369295	1
369611	1
369936	1
370256	1
370563	1
370881	1
371205	1
371533	1
371843	1
372198	1
372541	1
372874	1
373195	1
373518	1
373846	1
374191	1
374500	1
374824	1
375172	1
375561	1
375904	1
376262	1
376642	1
376977	1
377281	1
377601	1
377944	1
378282	1
378596	1
378902	1
379217	1
379527	1
379821	1
380130	1
380446	1
380757	1
381055	1
381368	1
381705	1
382035	1
382335	1
382642	1
382965	1
383277	1
383577	1
383885	1
384186	1
384487	1
384785	1
385073	1
385384	1
385680	1
386003	1
386333	1
386687	1
387037	1
387407	1
387843	1
388204	1
388532	1
388845	13
389146	13
389454	13
389766	13
390079	13
390402	1
390710	13
391062	1
391509	1
391889	1
392300	1
392696	1
393070	1
393441	1
393806	1
394134	1
394452	1
394772	1
395077	1
395379	1
395704	1
396041	1
396368	1
396735	1
397130	1
397470	1
397810	1
398205	1
398547	1
398877	1
399208	1
399540	1
399860	1
400189	1
400522	1
400843	1
401153	1
401507	1
401851	1
402179	1
402503	1
402858	1
403238	1
403569	1
403911	1
404250	1
404565	1
404881	1
405237	1
405622	1
405998	1
406328	1
406675	1
407032	1
407359	1
407676	1
407994	1
408328	1
408641	1
408958	1
409309	1
409657	1
409970	1
410299	1
410624	1
410951	1
411250	1
411560	1
411869	1
412192	1
412506	1
412822	1
413155	1
413485	1
413802	1
414129	1
414458	1
414768	1
415073	1
415407	1
415750	1
416054	1
416354	1
416654	1
416986	1
417287	1
417579	1
417891	1
418188	1
418469	1
418762	1
419046	1
419350	1
419637	1
419923	1
420230	1
420539	1
420840	1
421144	1
421488	1
421819	1
422134	1
422448	1
422769	1
423085	1
423394	1
423709	1
424052	1
424373	1
424702	1
425039	1
425395	1
425707	1
426017	1
426344	1
426650	1
426968	1
427341	1
427674	1
428020	1
428421	1
428786	1
429115	1
429469	1
429846	1
430176	1
430486	1
430803	1
431120	1
431418	1
431713	1
432028	1
432365	1
432677	1
432986	1
433321	1
433658	1
433960	1
434266	1
434577	1
434887	1
435181	1
435490	1
435854	1
436203	1
436519	1
436867	1
437233	1
437559	1
437862	1
438185	1
438525	1
438832	1
439127	1
439454	1
439805	1
440132	1
440441	1
440811	1
441227	1
441575	1
441900	1
442224	1
442549	1
442861	1
443157	1
443484	1
443832	1
444179	1
444495	1
444853	1
445252	1
445587	1
445920	1
446258	1
446596	1
446893	1
447189	1
447479	1
447766	1
448051	1
448325	1
448624	1
448943	1
449247	1
449580	1
449978	1
450357	1
450698	1
451090	1
451489	1
451838	1
452197	1
452562	1
452887	1
453188	1
453489	1
453822	1
454118	1
454416	1
454722	1
455050	1
455353	1
455646	1
455939	1
456271	1
456573	1
456865	1
457164	1
457476	1
457799	1
458101	1
458414	1
458751	1
459073	1
459368	1
459655	1
459949	1
460239	1
460537	1
460830	1
461121	1
461426	1
461728	1
462040	1
462346	1
462648	1
462957	1
463265	1
463581	1
463886	1
464182	1
464472	1
464752	1
465028	1
465309	1
465588	1
465859	1
466124	1
466397	1
466670	1
466935	1
467195	1
467458	1
467722	1
467992	1
468268	1
468531	1
468796	1
469070	1
469339	1
469607	1
469872	1
470148	1
470428	1
470710	1
470984	1
471281	1
471633	1
472023	1
472420	1
472797	1
473177	1
473517	1
473859	1
474219	1
474560	1
474886	1
475188	1
475500	1
475824	1
476158	1
476462	1
476788	1
477134	1
477455	1
477760	1
478063	1
478385	1
478699	1
478982	1
479272	1
479572	1
479867	1
480150	1
480452	1
480761	1
481055	1
481358	1
481673	1
481996	1
482304	1
482678	1
483075	1
483417	1
483769	1
484142	1
484513	1
484842	1
485157	1
485470	1
485808	1
486128	1
486433	1
486745	1
487076	1
487406	1
487721	1
488066	1
488441	1
488775	1
489091	1
489394	1
489707	1
490006	1
490316	1
490655	1
490975	1
491287	1
491616	1
491980	1
492327	1
492636	1
492958	1
493300	1
493609	1
493918	1
494235	1
494562	1
494880	1
495221	1
495639	1
496018	1
496391	1
496747	1
497087	1
497415	1
497729	1
498027	1
498323	1
498624	1
498935	1
499234	1
499527	1
499855	1
500195	1
500502	1
500809	1
501126	1
501463	1
501768	1
502060	1
502361	1
502668	1
502956	1
503241	1
503534	1
503839	1
504138	1
504425	1
504729	1
505061	1
505366	1
505664	1
505979	1
506287	1
506587	1
506895	1
507209	1
507521	1
507821	1
508145	1
508458	1
508771	1
509114	1
509559	1
509934	1
510332	1
510707	1
511084	1
511473	1
511849	1
512216	1
512562	1
512940	1
513317	1
513657	1
514032	1
514402	1
514735	1
515048	1
515370	1
515666	1
515951	1
516250	1
516569	1
516868	1
517155	1
517450	1
517738	1
518028	1
518308	1
518580	1
518855	1
519135	1
519432	1
519721	1
520005	1
520303	1
520635	1
520931	1
521244	1
521606	1
521995	1
522321	1
522663	1
523021	1
523363	1
523667	1
523980	1
524320	1
524705	1
525072	1
525389	1
525726	1
526134	1
526516	1
526859	1
527196	1
527538	1
527882	1
528200	1
528503	1
528817	1
529167	1
529506	1
529828	1
530172	1
530607	1
530980	1
531343	1
531702	1
532051	1
532378	1
532686	1
532993	1
533315	1
533614	1
533937	1
534268	1
534645	1
535001	1
535407	1
535810	1
536181	1
536579	1
536961	1
537317	1
537693	1
538042	1
538392	1
538710	1
539021	1
539321	1
539620	1
539950	1
540308	1
540628	1
540986	1
541316	1
541616	1
541916	1
542238	1
542602	1
542907	1
543208	1
543571	1
543925	1
544269	1
544685	1
545085	1
545433	1
545769	1
546122	1
546432	1
546729	1
547041	1
547339	1
547641	1
547965	1
548293	1
548620	1
548922	1
549235	1
549563	1
549885	1
550189	1
550532	1
550838	1
551131	1
551425	1
551713	1
551996	1
552291	1
552580	1
552911	1
553253	1
553567	1
553889	1
554316	1
554718	1
555076	1
555461	1
555843	1
556194	1
556577	1
556950	1
557310	1
557704	1
558117	1
558480	1
558881	1
559268	1
559632	1
560029	1
560405	1
560764	1
561138	1
561515	1
561860	1
562190	1
562522	1
562831	1
563134	1
563435	1
563752	1
564075	1
564371	1
564669	1
564975	1
565284	1
565582	1
565873	1
566155	1
566443	1
566737	1
567024	1
567317	1
567634	1
567936	1
568242	1
568560	1
568903	1
569249	1
569561	1
569892	1
570245	1
570678	1
571030	1
571338	13
571671	1
571988	1
572304	1
572614	1
572908	1
573235	1
573572	1
573895	1
574207	1
574515	1
574838	1
575186	1
575500	1
575811	1
576135	1
576455	1
576779	1
577078	1
577368	1
577663	1
577959	1
578250	1
578541	1
578840	1
579148	1
579463	1
579767	1
580081	1
580538	1
580963	1
581368	1
581740	1
582133	1
582511	1
582877	1
583255	1
583617	1
583965	1
584340	1
584721	1
585080	1
585460	1
585824	1
586170	1
586503	1
586846	1
587166	1
587493	1
587928	1
588293	1
588721	1
589094	1
589485	1
589873	1
590269	1
590667	1
591025	1
591348	13
591642	13
591913	13
592186	13
592456	13
592718	13
592970	10
593227	13
593484	13
593741	13
594007	13
594259	13
594529	13
594816	13
595108	13
595382	13
595657	13
595953	13
596261	13
596565	13
596850	13
597141	13
597461	13
597785	13
598099	13
598404	13
598725	13
599196	1
599567	1
599970	1
600418	1
600825	1
601206	1
601618	1
601992	1
602353	1
602760	1
603142	1
603494	1
603892	1
604322	1
604701	1
605135	1
605530	1
605914	1
606319	1
606688	1
607071	1
607458	1
607815	1
608171	1
608552	1
608911	1
609262	1
609653	1
610083	1
610498	1
610881	1
611268	1
611675	1
612033	1
612356	13
612704	1
613120	1
613515	1
613927	1
614308	1
614698	1
615059	1
615434	1
615798	1
616134	1
616428	13
616747	1
617086	1
617383	13
617681	13
617995	1
618305	1
618596	1
618899	1
619201	1
619500	1
619784	1
620063	1
620360	1
620665	1
620970	1
621248	1
621534	1
621827	1
622125	1
622423	1
622707	1
623012	1
623321	1
623618	1
623924	1
624211	1
624509	1
624801	1
625099	1
625402	1
625702	1
626008	1
626309	1
626619	1
626920	1
627220	1
627518	1
627820	1
628136	1
628428	1
628715	1
629019	1
629325	1
629633	1
629931	1
630227	1
630543	1
630866	1
631172	1
631463	1
631781	1
632117	1
632455	1
632786	1
633240	1
633644	1
634020	1
634431	1
634807	1
635197	1
635591	1
635958	1
636321	1
636686	1
637038	1
637427	1
637808	1
638165	1
638562	1
638917	1
639264	1
639637	1
640021	1
640372	1
640778	1
641141	1
641521	1
641899	1
642244	1
642607	1
642970	1
643311	1
643622	1
643926	1
644224	1
644515	1
644800	1
645103	1
645396	1
645686	1
645977	1
646258	1
646543	1
646838	1
647119	1
647404	1
647682	1
647949	1
648208	1
648481	1
648762	1
649064	1
649367	1
649656	1
