108096	1
108381	1
108671	1
108972	1
109276	1
109579	1
109889	1
110182	1
110466	1
110756	1
111050	1
111363	1
111670	1
111970	1
112273	1
112562	1
112846	1
113138	1
113438	1
113753	1
114058	1
114349	1
114647	1
114939	1
115225	1
115527	1
115848	1
116148	1
116445	1
116729	1
117026	1
117317	1
117608	1
117914	1
118221	1
118529	1
118819	1
119103	1
119402	1
119700	1
120000	1
120306	1
120611	1
120912	1
121197	1
121479	1
121781	1
122083	1
122388	1
122692	1
122991	1
123289	1
123574	1
123861	1
124171	1
124477	1
124776	1
125074	1
125365	1
125656	1
125943	1
126237	1
126554	1
126861	1
127158	1
127452	1
127743	1
128034	1
128326	1
128630	1
128944	1
129247	1
129536	1
129822	1
130114	1
130409	1
130709	1
131019	1
131333	1
131631	1
131915	1
132200	1
132496	1
132796	1
133097	1
133407	1
133714	1
134000	1
134284	1
134574	1
134876	1
135184	1
135487	1
135795	1
136092	1
136374	1
136661	1
136953	1
137262	1
137572	1
137872	1
138172	1
138465	1
138750	1
139041	1
139344	1
139661	1
139966	1
140259	1
140555	1
140844	1
141128	1
141425	1
141732	1
142045	1
142344	1
142631	1
142928	1
143219	1
143513	1
143820	1
144127	1
144437	1
144727	1
145008	1
145306	1
145600	1
145899	1
146209	1
146515	1
146818	1
147106	1
147388	1
147691	1
147995	1
148296	1
148602	1
148900	1
149194	1
149478	1
149763	1
150074	1
150384	1
150685	1
150987	1
151279	1
151572	1
151857	1
152150	1
152467	1
152773	1
153070	1
153361	1
153648	1
153942	1
154234	1
154536	1
154856	1
155161	1
155452	1
155738	1
156028	1
156325	1
156623	1
156929	1
157244	1
157540	1
157821	1
158108	1
158402	1
158704	1
159010	1
159319	1
159626	1
159913	1
160196	1
160484	1
160787	1
161092	1
161395	1
161702	1
161998	1
162284	1
162571	1
162865	1
163178	1
163486	1
163785	1
164086	1
164378	1
164661	1
164950	1
165250	1
165565	1
165869	1
166161	1
166461	1
166753	1
167039	1
167339	1
167646	1
167957	1
168255	1
168540	1
168835	1
169126	1
169417	1
169723	1
170029	1
170340	1
170633	1
170917	1
171215	1
171511	1
171810	1
172117	1
172421	1
172724	1
173009	1
173292	1
173593	1
173895	1
174197	1
174503	1
174803	1
175098	1
175385	1
175670	1
175979	1
176285	1
176585	1
176886	1
177178	1
177469	1
177756	1
178050	1
178366	1
178675	1
178974	1
179268	1
179558	1
179850	1
180141	1
180442	1
180759	1
181064	1
181352	1
181639	1
181931	1
182225	1
182524	1
182836	1
183151	1
183448	1
183732	1
184018	1
184312	1
184611	1
184913	1
185223	1
185529	1
185818	1
186103	1
186392	1
186695	1
187003	1
187307	1
187614	1
187912	1
188194	1
188480	1
188771	1
189082	1
189390	1
189690	1
189992	1
190285	1
190569	1
190860	1
191163	1
191476	1
191781	1
192073	1
192370	1
192659	1
192942	1
193241	1
193547	1
193861	1
194160	1
194448	1
194745	1
195037	1
195329	1
195634	1
195941	1
196251	1
196542	1
196821	1
197119	1
197415	1
197712	1
198020	1
198326	1
198629	1
198916	1
199200	1
199502	1
199803	1
200104	1
200408	1
200708	1
201000	1
201285	1
201573	1
201882	1
202189	1
202490	1
202791	1
203087	1
203377	1
203664	1
203960	1
204273	1
204578	1
204876	1
205168	1
205460	1
205752	1
206043	1
206350	1
206666	1
206968	1
207261	1
207548	1
207751	10
208052	1
208347	1
208652	1
208968	1
209268	1
209554	1
209842	1
210135	1
210435	1
210738	1
211047	1
211357	1
211651	1
211933	1
212219	1
212517	1
212821	1
213125	1
213432	1
213737	1
214025	1
214309	1
214599	1
214907	1
215216	1
215517	1
215822	1
216116	1
216399	1
216686	1
216982	1
217294	1
217602	1
217900	1
218199	1
218490	1
218775	1
219071	1
219376	1
219688	1
219993	1
220282	1
220574	1
220864	1
221153	1
221456	1
221765	1
222078	1
222375	1
222659	1
222956	1
223248	1
223544	1
223851	1
224156	1
224459	1
224747	1
225028	1
225329	1
225627	1
225930	1
226239	1
226542	1
226839	1
227123	1
227407	1
227712	1
228018	1
228319	1
228622	1
228916	1
229209	1
229495	1
229784	1
230100	1
230410	1
230706	1
231003	1
231295	1
231586	1
231872	1
232171	1
232489	1
232793	1
233086	1
233374	1
233666	1
233959	1
234254	1
234564	1
234878	1
235177	1
235465	1
235749	1
236042	1
236339	1
236641	1
236950	1
237260	1
237552	1
237838	1
238126	1
238426	1
238733	1
239035	1
239345	1
239647	1
239930	1
240214	1
240504	1
240808	1
241117	1
241419	1
241725	1
242019	1
242303	1
242595	1
242893	1
243206	1
243511	1
243809	1
244107	1
244395	1
244680	1
244976	1
245281	1
245596	1
245901	1
246190	1
246487	1
246778	1
247065	1
247369	1
247675	1
247987	1
248281	1
248563	1
248862	1
249154	1
249449	1
249759	1
250067	1
250372	1
250660	1
250943	1
251243	1
251541	1
251841	1
252147	1
252449	1
252746	1
253030	1
253315	1
253622	1
253928	1
254232	1
254535	1
254831	1
255125	1
255409	1
255699	1
256011	1
256317	1
256614	1
256909	1
257201	1
257493	1
257782	1
258083	1
258401	1
258704	1
258998	1
259287	1
259579	1
259871	1
260163	1
260471	1
260784	1
261085	1
261375	1
261661	1
261957	1
262255	1
262556	1
262866	1
263176	1
263467	1
263751	1
264038	1
264337	1
264637	1
264939	1
265252	1
265554	1
265840	1
266129	1
266419	1
266725	1
267031	1
267331	1
267639	1
267930	1
268213	1
268502	1
268798	1
269112	1
269419	1
269718	1
270020	1
270310	1
270594	1
270889	1
271194	1
271508	1
271811	1
272099	1
272396	1
272685	1
272970	1
273273	1
273583	1
273894	1
274190	1
274476	1
274774	1
275063	1
275357	1
275664	1
275971	1
276276	1
276562	1
276847	1
277147	1
277445	1
277748	1
278055	1
278363	1
278659	1
278943	1
279229	1
279534	1
279838	1
280137	1
280441	1
280740	1
281030	1
281315	1
281610	1
281923	1
282229	1
282529	1
282826	1
283119	1
283407	1
283693	1
283996	1
284309	1
284613	1
284910	1
285199	1
285494	1
285785	1
286080	1
286392	1
286703	1
287001	1
287291	1
287577	1
287872	1
288167	1
288465	1
288780	1
289088	1
289378	1
289667	1
289956	1
290255	1
290557	1
290857	1
291172	1
291470	1
291753	1
292041	1
292331	1
292636	1
292941	1
293243	1
293555	1
293847	1
294131	1
294421	1
294718	1
295031	1
295334	1
295631	1
295935	1
296223	1
296503	1
296797	1
297104	1
297418	1
297719	1
298014	1
298313	1
298599	1
298884	1
299186	1
299495	1
299802	1
300097	1
300386	1
300681	1
300970	1
301264	1
301573	1
301886	1
302189	1
302478	1
302767	1
303061	1
303356	1
303658	1
303963	1
304273	1
304567	1
304850	1
305145	1
305444	1
305745	1
306052	1
306356	1
306657	1
306944	1
307226	1
307525	1
307829	1
308131	1
308438	1
308735	1
309031	1
309320	1
309605	1
309915	1
310226	1
310527	1
310828	1
311117	1
311410	1
311698	1
311988	1
312305	1
312615	1
312912	1
313206	1
313496	1
313792	1
314083	1
314383	1
314702	1
315007	1
315296	1
315583	1
315870	1
316166	1
316465	1
316769	1
317087	1
317385	1
317670	1
317958	1
318250	1
318554	1
318859	1
319163	1
319473	1
319762	1
320042	1
320330	1
320630	1
320942	1
321248	1
321552	1
321852	1
322139	1
322420	1
322713	1
323023	1
323330	1
323631	1
323930	1
324222	1
324505	1
324796	1
325098	1
325415	1
325721	1
326014	1
326309	1
326599	1
326886	1
327185	1
327490	1
327804	1
328103	1
328386	1
328681	1
328977	1
329270	1
329578	1
329885	1
330195	1
330485	1
330765	1
331063	1
331361	1
331659	1
331966	1
332270	1
332571	1
332856	1
333140	1
333444	1
333748	1
334051	1
334355	1
334652	1
334946	1
335232	1
335518	1
335827	1
336135	1
336436	1
336736	1
337029	1
337325	1
337612	1
337907	1
338224	1
338529	1
338823	1
339115	1
339404	1
339694	1
339987	1
340291	1
340606	1
340910	1
341202	1
341491	1
341785	1
342079	1
342378	1
342688	1
342998	1
343294	1
343579	1
343864	1
344161	1
344462	1
344767	1
345078	1
345386	1
345673	1
345959	1
346246	1
346550	1
346855	1
347157	1
347467	1
347762	1
348044	1
348333	1
348627	1
348939	1
349246	1
349546	1
349851	1
350141	1
350423	1
350714	1
351017	1
351329	1
351633	1
351925	1
352222	1
352513	1
352800	1
353100	1
353410	1
353725	1
354022	1
354306	1
354604	1
354893	1
355184	1
355488	1
355795	1
356103	1
356392	1
356677	1
356977	1
357271	1
357570	1
357878	1
358184	1
358483	1
358768	1
359053	1
359353	1
359654	1
359956	1
360261	1
360564	1
360857	1
361143	1
361434	1
361742	1
362049	1
362348	1
362647	1
362943	1
363230	1
363515	1
363815	1
364127	1
364431	1
364732	1
365025	1
365320	1
365608	1
365897	1
366208	1
366517	1
366816	1
367112	1
367398	1
367691	1
367983	1
368280	1
368596	1
368906	1
369200	1
369491	1
369778	1
370075	1
370373	1
370675	1
370990	1
371293	1
371575	1
371863	1
372153	1
372455	1
372761	1
373064	1
373379	1
373672	1
373953	1
374242	1
374537	1
374847	1
375150	1
375450	1
375756	1
376045	1
376328	1
376621	1
376925	1
377241	1
377544	1
377837	1
378137	1
378425	1
378707	1
379005	1
379314	1
379626	1
379921	1
380211	1
380510	1
380801	1
381091	1
381398	1
381709	1
382014	1
382303	1
382591	1
382886	1
383178	1
383477	1
383782	1
384092	1
384391	1
384678	1
384968	1
385267	1
385566	1
385871	1
386173	1
386478	1
386769	1
387051	1
387346	1
387649	1
387951	1
388257	1
388558	1
388855	1
389144	1
389428	1
389732	1
390040	1
390341	1
390645	1
390938	1
391230	1
391516	1
391804	1
392117	1
392428	1
392730	1
393028	1
393317	1
393610	1
393899	1
394195	1
394513	1
394820	1
395112	1
395399	1
395686	1
395983	1
396278	1
396583	1
396903	1
397205	1
397489	1
397775	1
398065	1
398365	1
398667	1
398972	1
399285	1
399577	1
399858	1
400145	1
400443	1
400752	1
401061	1
401365	1
401668	1
401955	1
402236	1
402526	1
402833	1
403143	1
403445	1
403746	1
404040	1
404326	1
404614	1
404912	1
405226	1
405533	1
405830	1
406126	1
406415	1
406700	1
406996	1
407300	1
407613	1
407918	1
408207	1
408502	1
408794	1
409084	1
409390	1
409697	1
410007	1
410303	1
410585	1
410879	1
411174	1
411470	1
411778	1
412085	1
412391	1
412679	1
412961	1
413263	1
413563	1
413865	1
414172	1
414472	1
414767	1
415050	1
415335	1
415642	1
415949	1
416252	1
416557	1
416851	1
417145	1
417431	1
417721	1
418036	1
418342	1
418640	1
418934	1
419224	1
419517	1
419806	1
420106	1
420425	1
420729	1
421021	1
421310	1
421602	1
421893	1
422189	1
422498	1
422810	1
423107	1
423395	1
423681	1
423977	1
424275	1
424577	1
424890	1
425198	1
425487	1
425774	1
426060	1
426359	1
426664	1
426964	1
427275	1
427576	1
427860	1
428148	1
428441	1
428749	1
429056	1
429354	1
429664	1
429955	1
430237	1
430526	1
430825	1
431136	1
431440	1
431736	1
432038	1
432327	1
432613	1
432908	1
433215	1
433529	1
433830	1
434120	1
434416	1
434703	1
434991	1
435294	1
435603	1
435915	1
436210	1
436497	1
436795	1
437085	1
437379	1
437685	1
437993	1
438294	1
438581	1
438868	1
439165	1
439462	1
439764	1
440072	1
440380	1
440673	1
440959	1
441250	1
441551	1
441855	1
442159	1
442460	1
442760	1
443048	1
443332	1
443629	1
443940	1
444246	1
444549	1
444845	1
445141	1
445428	1
445714	1
446023	1
446333	1
446633	1
446932	1
447221	1
447513	1
447803	1
448097	1
448413	1
448724	1
449021	1
449312	1
449599	1
449893	1
450187	1
450487	1
450803	1
451109	1
451398	1
451685	1
451974	1
452276	1
452578	1
452882	1
453197	1
453493	1
453775	1
454060	1
454352	1
454656	1
454961	1
455265	1
455573	1
455862	1
456144	1
456435	1
456737	1
457047	1
457352	1
457654	1
457951	1
458235	1
458520	1
458814	1
459126	1
459435	1
459736	1
460034	1
460327	1
460613	1
460904	1
461207	1
461521	1
461824	1
462115	1
462411	1
462701	1
462988	1
463288	1
463596	1
463908	1
464207	1
464492	1
464789	1
465081	1
465373	1
465680	1
465986	1
466293	1
466583	1
466864	1
467163	1
467460	1
467761	1
468070	1
468376	1
468677	1
468963	1
469246	1
469549	1
469852	1
470151	1
470454	1
470753	1
471045	1
471331	1
471621	1
471931	1
472238	1
472540	1
472839	1
473132	1
473423	1
473709	1
474008	1
474321	1
474626	1
474924	1
475214	1
475506	1
475799	1
476092	1
476400	1
476717	1
477018	1
477307	1
477594	1
477887	1
478179	1
478478	1
478791	1
479101	1
479394	1
479682	1
479971	1
480269	1
480570	1
480873	1
481186	1
481487	1
481772	1
482059	1
482349	1
482652	1
482956	1
483258	1
483570	1
483864	1
484148	1
484438	1
484734	1
485047	1
485351	1
485649	1
485954	1
486241	1
486522	1
486813	1
487118	1
487430	1
487733	1
488029	1
488328	1
488614	1
488899	1
489197	1
489510	1
489817	1
490113	1
490403	1
490697	1
490985	1
491279	1
491584	1
491899	1
492204	1
492492	1
492782	1
493076	1
493368	1
493670	1
493976	1
494286	1
494580	1
494861	1
495156	1
495454	1
495754	1
496062	1
496368	1
496671	1
496957	1
497240	1
497538	1
497841	1
498143	1
498449	1
498748	1
499044	1
499330	1
499617	1
499925	1
500233	1
500537	1
500837	1
501129	1
501423	1
501708	1
501999	1
502315	1
502621	1
502917	1
503212	1
503502	1
503795	1
504086	1
504388	1
504705	1
505008	1
505300	1
505588	1
505878	1
506172	1
506469	1
506776	1
507089	1
507389	1
507676	1
507963	1
508171	10
508469	1
508769	1
509072	1
509387	1
509683	1
509963	1
510249	1
510545	1
510852	1
511156	1
511463	1
511771	1
512059	1
512343	1
512631	1
512935	1
513244	1
513545	1
513848	1
514143	1
514427	1
514714	1
515011	1
515322	1
515632	1
515933	1
516230	1
516522	1
516807	1
517100	1
517404	1
517717	1
518021	1
518310	1
518605	1
518895	1
519184	1
519487	1
519797	1
520108	1
520404	1
520688	1
520985	1
521275	1
521568	1
521876	1
522182	1
522488	1
522775	1
523059	1
523360	1
523658	1
523959	1
524265	1
524571	1
524868	1
525152	1
525438	1
525740	1
526045	1
526343	1
526646	1
526948	1
527238	1
527523	1
527820	1
528129	1
528435	1
528737	1
529032	1
529327	1
529613	1
529899	1
530203	1
530513	1
530816	1
531117	1
531407	1
531701	1
531993	1
532286	1
532599	1
532909	1
533206	1
533500	1
533786	1
534081	1
534374	1
534673	1
534990	1
535298	1
535587	1
535876	1
536166	1
536462	1
536762	1
537065	1
537379	1
537676	1
537960	1
538247	1
538539	1
538844	1
539149	1
539455	1
539766	1
540057	1
540340	1
540627	1
540927	1
541237	1
541540	1
541842	1
542143	1
542430	1
542712	1
543006	1
543316	1
543626	1
543928	1
544228	1
544523	1
544807	1
545095	1
545395	1
545709	1
546013	1
546307	1
546602	1
546893	1
547180	1
547480	1
547789	1
548103	1
548402	1
548687	1
548982	1
549272	1
549565	1
549871	1
550177	1
550488	1
550779	1
551060	1
551360	1
551657	1
551956	1
552262	1
552567	1
552867	1
553152	1
553435	1
553737	1
554038	1
554338	1
554643	1
554945	1
555239	1
555525	1
555816	1
556122	1
556429	1
556731	1
557029	1
557326	1
557614	1
557899	1
558198	1
558509	1
558815	1
559116	1
559409	1
559703	1
559993	1
560279	1
560591	1
560902	1
561201	1
561496	1
561784	1
562076	1
562366	1
562662	1
562980	1
563290	1
563583	1
563874	1
564067	10
564359	1
564655	1
564957	1
565269	1
565575	1
565865	1
566152	1
566439	1
566741	1
567045	1
567348	1
567663	1
567962	1
568244	1
568532	1
568822	1
569128	1
569434	1
569734	1
570044	1
570332	1
570615	1
570908	1
571207	1
571521	1
571825	1
572124	1
572424	1
572712	1
572995	1
573289	1
573596	1
573909	1
574209	1
574501	1
574799	1
575089	1
575376	1
575679	1
575992	1
576299	1
576591	1
576883	1
577177	1
577465	1
577761	1
578068	1
578379	1
578680	1
578966	1
579259	1
579555	1
579848	1
580154	1
580461	1
580767	1
581059	1
581342	1
581636	1
581935	1
582236	1
582543	1
582849	1
583152	1
583438	1
583722	1
584024	1
584329	1
584631	1
584934	1
585231	1
585523	1
585808	1
586094	1
586405	1
586713	1
587014	1
587314	1
587607	1
587899	1
588185	1
588482	1
588796	1
589101	1
589398	1
589688	1
589979	1
590271	1
590563	1
590871	1
591187	1
591489	1
591779	1
592066	1
592360	1
592652	1
592950	1
593264	1
593573	1
593865	1
594153	1
594441	1
594738	1
595037	1
595341	1
595658	1
595958	1
596243	1
596531	1
596819	1
597122	1
597427	1
597729	1
598041	1
598334	1
598617	1
598907	1
599204	1
599517	1
599822	1
600122	1
600426	1
600712	1
600992	1
601283	1
601589	1
601899	1
602202	1
602500	1
602797	1
603083	1
603371	1
603670	1
603983	1
604292	1
604587	1
604879	1
605172	1
605459	1
605753	1
606058	1
606372	1
606678	1
606966	1
607258	1
607554	1
607845	1
608148	1
608455	1
608765	1
609058	1
609340	1
609635	1
609932	1
610227	1
610533	1
610840	1
611144	1
611430	1
611713	1
612013	1
612315	1
612617	1
612923	1
613223	1
613518	1
613802	1
614087	1
614396	1
614703	1
615007	1
615309	1
615602	1
615896	1
616181	1
616474	1
616788	1
617095	1
617390	1
617683	1
617975	1
618265	1
618556	1
618863	1
619177	1
619479	1
619774	1
620061	1
620355	1
620645	1
620939	1
621252	1
621562	1
621858	1
622149	1
622436	1
622735	1
623032	1
623331	1
623649	1
623956	1
624242	1
624528	1
624815	1
625116	1
625417	1
625718	1
626035	1
626332	1
626615	1
626903	1
627196	1
627503	1
627809	1
628111	1
628418	1
628706	1
628986	1
629274	1
629576	1
629888	1
630194	1
630496	1
630793	1
631080	1
631366	1
631661	1
631972	1
632283	1
632580	1
632876	1
633169	1
633453	1
633744	1
634048	1
634362	1
634668	1
634960	1
635255	1
635545	1
635832	1
636136	1
636443	1
636754	1
637051	1
637334	1
637629	1
637922	1
638219	1
638528	1
638836	1
639144	1
639432	1
639714	1
640014	1
640312	1
640611	1
640919	1
641222	1
641520	1
641803	1
642089	1
642397	1
642703	1
643004	1
643309	1
643605	1
643896	1
644180	1
644471	1
644783	1
645090	1
645388	1
645686	1
645979	1
646269	1
646559	1
646861	1
647175	1
647480	1
647776	1
648064	1
648359	1
648648	1
648939	1
649252	1
649561	1
649859	1
