108134	1
108376	1
108617	1
108865	1
109117	1
109360	1
109599	1
109850	1
110093	1
110337	1
110584	1
110838	1
111087	1
111331	1
111593	1
111844	1
112099	1
112346	1
112604	1
112857	1
113114	1
113373	1
113628	1
113880	1
114139	1
114398	1
114656	1
114904	1
115163	1
115413	1
115668	1
115929	1
116184	1
116436	1
116688	1
116953	1
117208	1
117461	1
117717	1
117970	1
118224	1
118488	1
118753	1
119008	1
119267	1
119533	1
119796	1
120050	1
120312	1
120562	1
120819	1
121075	1
121338	1
121593	1
121847	1
122105	1
122360	1
122611	1
122853	1
123111	1
123355	1
123604	1
123855	1
124110	1
124357	1
124610	1
124867	1
125117	1
125370	1
125616	1
125862	1
126112	1
126358	1
126613	1
126854	1
127101	1
127349	1
127602	1
127853	1
128102	1
128357	1
128599	1
128855	1
129104	1
129361	1
129607	1
129856	1
130111	1
130362	1
130614	1
130860	1
131113	1
131363	1
131614	1
131871	1
132122	1
132378	1
132627	1
132884	1
133135	1
133384	1
133636	1
133879	1
134130	1
134377	1
134628	1
134875	1
135120	1
135371	1
135621	1
135871	1
136117	1
136365	1
136615	1
136865	1
137118	1
137369	1
137622	1
137872	1
138125	1
138374	1
138626	1
138869	1
139120	1
139368	1
139615	1
139863	1
140114	1
140360	1
140606	1
140862	1
141110	1
141358	1
141611	1
141859	1
142105	1
142355	1
142609	1
142855	1
143095	1
143346	1
143595	1
143846	1
144087	1
144342	1
144593	1
144844	1
145101	1
145354	1
145609	1
145862	1
146128	1
146386	1
146643	1
146901	1
147160	1
147413	1
147673	1
147929	1
148182	1
148431	1
148695	1
148950	1
149206	1
149458	1
149717	1
149972	1
150231	1
150497	1
150756	1
151012	1
151277	1
151537	1
151797	1
152048	1
152307	1
152563	1
152820	1
153087	1
153343	1
153599	1
153859	1
154117	1
154374	1
154624	1
154885	1
155140	1
155394	1
155655	1
155911	1
156168	1
156422	1
156685	1
156934	1
157184	1
157435	1
157687	1
157929	1
158183	1
158433	1
158681	1
158928	1
159185	1
159434	1
159686	1
159925	1
160182	1
160427	1
160675	1
160928	1
161180	1
161429	1
161679	1
161938	1
162190	1
162445	1
162695	1
162949	1
163204	1
163461	1
163719	1
163972	1
164227	1
164487	1
164746	1
165003	1
165252	1
165510	1
165757	1
166012	1
166269	1
166522	1
166777	1
167027	1
167290	1
167539	1
167795	1
168045	1
168295	1
168547	1
168803	1
169060	1
169313	1
169565	1
169819	1
170075	1
170333	1
170587	1
170844	1
171099	1
171355	1
171615	1
171870	1
172132	1
172389	1
172657	1
172918	1
173174	1
173434	1
173689	1
173950	1
174205	1
174464	1
174717	1
174971	1
175230	1
175488	1
175742	1
175994	1
176252	1
176507	1
176763	1
177026	1
177280	1
177536	1
177798	1
178057	1
178314	1
178564	1
178819	1
179075	1
179329	1
179588	1
179843	1
180097	1
180355	1
180617	1
180876	1
181129	1
181387	1
181643	1
181900	1
182164	1
182424	1
182683	1
182939	1
183205	1
183466	1
183721	1
183986	1
184244	1
184506	1
184773	1
185042	1
185308	1
185574	1
185845	1
186115	1
186371	1
186641	1
186905	1
187165	1
187431	1
187691	1
187950	1
188207	1
188475	1
188737	1
188993	1
189262	1
189522	1
189781	1
190045	1
190308	1
190569	1
190829	1
191098	1
191356	1
191610	1
191871	1
192126	1
192385	1
192645	1
192903	1
193154	1
193413	1
193671	1
193927	1
194179	1
194426	1
194680	1
194927	1
195173	1
195424	1
195671	1
195908	1
196158	1
196409	1
196659	1
196898	1
197154	1
197395	1
197645	1
197898	1
198153	1
198401	1
198648	1
198904	1
199155	1
199406	1
199650	1
199898	1
200146	1
200395	1
200647	1
200900	1
201148	1
201402	1
201661	1
201915	1
202168	1
202421	1
202673	1
202922	1
203173	1
203425	1
203673	1
203920	1
204167	1
204420	1
204667	1
204914	1
205167	1
205415	1
205665	1
205917	1
206171	1
206417	1
206667	1
206917	1
207165	1
207415	1
207653	1
207904	1
208151	1
208395	1
208647	1
208893	1
209142	1
209390	1
209645	1
209894	1
210146	1
210394	1
210643	1
210891	1
211144	1
211393	1
211638	1
211882	1
212128	1
212377	1
212624	1
212862	1
213108	1
213350	1
213595	1
213842	1
214091	1
214336	1
214582	1
214831	1
215082	1
215334	1
215576	1
215828	1
216072	1
216321	1
216571	1
216821	1
217070	1
217315	1
217570	1
217819	1
218068	1
218317	1
218561	1
218812	1
219062	1
219321	1
219573	1
219823	1
220083	1
220337	1
220593	1
220834	1
221091	1
221337	1
221588	1
221841	1
222094	1
222347	1
222598	1
222858	1
223112	1
223363	1
223617	1
223872	1
224123	1
224379	1
224634	1
224887	1
225135	1
225398	1
225649	1
225901	1
226147	1
226401	1
226650	1
226897	1
227156	1
227407	1
227653	1
227908	1
228165	1
228423	1
228669	1
228929	1
229180	1
229435	1
229694	1
229952	1
230200	1
230450	1
230713	1
230966	1
231219	1
231469	1
231725	1
231973	1
232227	1
232483	1
232732	1
232978	1
233232	1
233486	1
233737	1
233984	1
234237	1
234485	1
234729	1
234980	1
235232	1
235476	1
235723	1
235980	1
236226	1
236480	1
236725	1
236981	1
237226	1
237481	1
237731	1
237979	1
238228	1
238477	1
238734	1
238979	1
239225	1
239477	1
239725	1
239973	1
240224	1
240480	1
240727	1
240978	1
241235	1
241488	1
241743	1
241987	1
242243	1
242488	1
242737	1
242988	1
243232	1
243476	1
243721	1
243973	1
244221	1
244471	1
244716	1
244967	1
245220	1
245476	1
245734	1
245985	1
246235	1
246486	1
246740	1
246993	1
247240	1
247490	1
247737	1
247985	1
248235	1
248488	1
248734	1
248985	1
249241	1
249499	1
249756	1
250010	1
250266	1
250526	1
250780	1
251037	1
251288	1
251543	1
251796	1
252052	1
252312	1
252570	1
252839	1
253107	1
253380	1
253607	13
253954	1
254246	1
254548	1
254833	1
255102	1
255371	1
255635	1
255894	1
256154	1
256408	1
256668	1
256914	1
257178	1
257430	1
257685	1
257931	1
258186	1
258437	1
258688	1
258945	1
259193	1
259441	1
259689	1
259939	1
260190	1
260429	1
260679	1
260926	1
261173	1
261425	1
261676	1
261926	1
262170	1
262429	1
262681	1
262932	1
263178	1
263430	1
263678	1
263927	1
264181	1
264433	1
264675	1
264920	1
265172	1
265415	1
265653	1
265901	1
266141	1
266385	1
266632	1
266886	1
267132	1
267375	1
267631	1
267880	1
268128	1
268370	1
268625	1
268877	1
269127	1
269382	1
269641	1
269889	1
270142	1
270401	1
270653	1
270901	1
271154	1
271401	1
271650	1
271898	1
272148	1
272392	1
272637	1
272887	1
273139	1
273384	1
273625	1
273878	1
274116	1
274362	1
274611	1
274861	1
275105	1
275352	1
275605	1
275855	1
276102	1
276343	1
276592	1
276835	1
277078	1
277327	1
277574	1
277816	1
278057	1
278310	1
278502	10
278796	1
279038	1
279290	1
279534	1
279789	1
280044	1
280298	1
280552	1
280807	1
281069	1
281326	1
281577	1
281833	1
282082	1
282332	1
282586	1
282834	1
283085	1
283334	1
283595	1
283844	1
284101	1
284350	1
284604	1
284856	1
285108	1
285365	1
285610	1
285860	1
286108	1
286357	1
286606	1
286851	1
287098	1
287343	1
287591	1
287840	1
288090	1
288335	1
288582	1
288833	1
289081	1
289330	1
289568	1
289815	1
290055	1
290298	1
290542	1
290786	1
291023	1
291261	1
291506	1
291747	1
291990	1
292225	1
292468	1
292711	1
292954	1
293205	1
293449	1
293694	1
293935	1
294188	1
294433	1
294679	1
294919	1
295161	1
295399	1
295638	1
295882	1
296120	1
296357	1
296593	1
296836	1
297079	1
297315	1
297550	1
297789	1
298030	1
298268	1
298511	1
298751	1
298992	1
299229	1
299475	1
299717	1
299956	1
300194	1
300438	1
300679	1
300919	1
301170	1
301410	1
301651	1
301893	1
302145	1
302385	1
302622	1
302865	1
303106	1
303347	1
303586	1
303829	1
304066	1
304305	1
304546	1
304790	1
305032	1
305270	1
305512	1
305758	1
306004	1
306245	1
306494	1
306740	1
306978	1
307223	1
307473	1
307717	1
307953	1
308202	1
308443	1
308685	1
308932	1
309181	1
309422	1
309664	1
309912	1
310159	1
310409	1
310647	1
310898	1
311142	1
311386	1
311635	1
311885	1
312128	1
312377	1
312629	1
312879	1
313125	1
313367	1
313617	1
313861	1
314108	1
314363	1
314609	1
314859	1
315104	1
315359	1
315604	1
315848	1
316097	1
316344	1
316589	1
316836	1
317089	1
317337	1
317588	1
317843	1
318099	1
318351	1
318603	1
318859	1
319114	1
319370	1
319632	1
319888	1
320145	1
320400	1
320664	1
320917	1
321172	1
321427	1
321681	1
321937	1
322192	1
322451	1
322702	1
322953	1
323214	1
323467	1
323727	1
323978	1
324234	1
324487	1
324743	1
324999	1
325251	1
325501	1
325757	1
326010	1
326268	1
326515	1
326772	1
327024	1
327283	1
327544	1
327804	1
328062	1
328319	1
328576	1
328837	1
329087	1
329341	1
329590	1
329844	1
330101	1
330358	1
330614	1
330867	1
331131	1
331384	1
331640	1
331892	1
332145	1
332398	1
332655	1
332911	1
333166	1
333422	1
333681	1
333934	1
334192	1
334443	1
334702	1
334958	1
335215	1
335474	1
335730	1
335983	1
336240	1
336496	1
336754	1
337002	1
337262	1
337515	1
337773	1
338029	1
338290	1
338539	1
338788	1
339046	1
339301	1
339549	1
339798	1
340050	1
340303	1
340558	1
340813	1
341068	1
341315	1
341569	1
341822	1
342078	1
342323	1
342577	1
342828	1
343079	1
343335	1
343589	1
343837	1
344089	1
344347	1
344601	1
344851	1
345108	1
345363	1
345617	1
345873	1
346134	1
346385	1
346636	1
346893	1
347147	1
347401	1
347648	1
347906	1
348157	1
348407	1
348663	1
348916	1
349165	1
349417	1
349673	1
349925	1
350172	1
350424	1
350675	1
350924	1
351177	1
351434	1
351683	1
351930	1
352190	1
352441	1
352698	1
352947	1
353212	1
353471	1
353734	1
354013	1
354262	1
354524	1
354791	1
355059	1
355321	1
355577	1
355843	1
356101	1
356359	1
356625	1
356886	1
357144	1
357405	1
357676	1
357938	1
358194	1
358458	1
358715	1
358976	1
359238	1
359493	1
359746	1
360012	1
360258	1
360504	1
360754	1
361005	1
361253	1
361502	1
361758	1
362018	1
362271	1
362526	1
362789	1
363044	1
363305	1
363555	1
363812	1
364061	1
364317	1
364572	1
364814	1
365063	1
365315	1
365566	1
365818	1
366062	1
366319	1
366568	1
366820	1
367073	1
367324	1
367575	1
367825	1
368085	1
368331	1
368586	1
368834	1
369087	1
369344	1
369604	1
369863	1
370120	1
370378	1
370646	1
370903	1
371165	1
371418	1
371672	1
371928	1
372182	1
372441	1
372695	1
372947	1
373200	1
373455	1
373716	1
373965	1
374226	1
374486	1
374748	1
375015	1
375276	1
375542	1
375806	1
376071	1
376338	1
376595	1
376858	1
377118	1
377379	1
377641	1
377899	1
378159	1
378415	1
378677	1
378934	1
379188	1
379443	1
379700	1
379954	1
380208	1
380463	1
380714	1
380964	1
381221	1
381470	1
381720	1
381968	1
382219	1
382469	1
382718	1
382974	1
383226	1
383476	1
383730	1
383988	1
384243	1
384491	1
384744	1
384998	1
385254	1
385509	1
385768	1
386022	1
386273	1
386538	1
386793	1
387048	1
387297	1
387555	1
387809	1
388061	1
388321	1
388573	1
388820	1
389077	1
389334	1
389589	1
389835	1
390092	1
390342	1
390593	1
390848	1
391106	1
391359	1
391609	1
391875	1
392131	1
392388	1
392648	1
392906	1
393161	1
393418	1
393681	1
393934	1
394186	1
394448	1
394702	1
394958	1
395206	1
395462	1
395712	1
395968	1
396228	1
396483	1
396733	1
396992	1
397249	1
397505	1
397752	1
398011	1
398260	1
398511	1
398765	1
399021	1
399271	1
399520	1
399786	1
400037	1
400292	1
400549	1
400804	1
401061	1
401326	1
401594	1
401851	1
402113	1
402386	1
402646	1
402910	1
403171	1
403427	1
403686	1
403948	1
404215	1
404473	1
404735	1
405005	1
405265	1
405528	1
405789	1
406050	1
406307	1
406575	1
406838	1
407096	1
407355	1
407621	1
407880	1
408140	1
408405	1
408662	1
408922	1
409187	1
409452	1
409716	1
409978	1
410250	1
410508	1
410770	1
411029	1
411285	1
411543	1
411804	1
412065	1
412322	1
412579	1
412843	1
413101	1
413359	1
413614	1
413871	1
414132	1
414396	1
414661	1
414919	1
415179	1
415444	1
415703	1
415962	1
416215	1
416471	1
416727	1
416985	1
417246	1
417503	1
417759	1
418019	1
418282	1
418547	1
418805	1
419068	1
419328	1
419590	1
419854	1
420114	1
420372	1
420629	1
420887	1
421146	1
421400	1
421660	1
421918	1
422178	1
422438	1
422704	1
422964	1
423220	1
423486	1
423745	1
424003	1
424261	1
424520	1
424778	1
425037	1
425303	1
425561	1
425822	1
426087	1
426349	1
426611	1
426870	1
427136	1
427396	1
427659	1
427925	1
428186	1
428446	1
428711	1
428972	1
429231	1
429490	1
429752	1
430013	1
430276	1
430545	1
430806	1
431065	1
431333	1
431597	1
431858	1
432118	1
432379	1
432639	1
432902	1
433167	1
433425	1
433680	1
433950	1
434213	1
434479	1
434741	1
435007	1
435273	1
435538	1
435810	1
436074	1
436333	1
436601	1
436865	1
437127	1
437389	1
437652	1
437911	1
438171	1
438439	1
438698	1
438953	1
439223	1
439482	1
439745	1
440004	1
440267	1
440526	1
440785	1
441052	1
441307	1
441566	1
441829	1
442092	1
442349	1
442606	1
442869	1
443128	1
443393	1
443661	1
443920	1
444180	1
444450	1
444712	1
444972	1
445229	1
445489	1
445747	1
446008	1
446271	1
446526	1
446780	1
447044	1
447301	1
447561	1
447816	1
448078	1
448336	1
448598	1
448867	1
449124	1
449381	1
449645	1
449908	1
450169	1
450425	1
450691	1
450949	1
451213	1
451483	1
451747	1
452010	1
452281	1
452550	1
452818	1
453080	1
453348	1
453608	1
453868	1
454133	1
454389	1
454647	1
454908	1
455168	1
455425	1
455680	1
455941	1
456197	1
456459	1
456724	1
456983	1
457244	1
457505	1
457770	1
458030	1
458283	1
458546	1
458802	1
459064	1
459324	1
459584	1
459841	1
460099	1
460366	1
460621	1
460879	1
461134	1
461392	1
461651	1
461913	1
462173	1
462430	1
462686	1
462950	1
463208	1
463467	1
463721	1
463979	1
464238	1
464497	1
464762	1
465019	1
465279	1
465542	1
465805	1
466072	1
466326	1
466591	1
466851	1
467114	1
467380	1
467640	1
467898	1
468157	1
468419	1
468679	1
468932	1
469194	1
469455	1
469714	1
469981	1
470244	1
470508	1
470775	1
471043	1
471309	1
471567	1
471835	1
472098	1
472361	1
472629	1
472898	1
473162	1
473433	1
473704	1
473971	1
474234	1
474506	1
474776	1
475045	1
475323	1
475589	1
475852	1
476127	1
476392	1
476656	1
476918	1
477180	1
477442	1
477706	1
477972	1
478235	1
478494	1
478767	1
479037	1
479299	1
479568	1
479832	1
480094	1
480360	1
480625	1
480884	1
481140	1
481409	1
481669	1
481926	1
482189	1
482446	1
482703	1
482964	1
483229	1
483491	1
483745	1
484013	1
484271	1
484527	1
484786	1
485045	1
485302	1
485564	1
485831	1
486087	1
486345	1
486616	1
486881	1
487144	1
487409	1
487675	1
487935	1
488201	1
488465	1
488721	1
488980	1
489246	1
489504	1
489755	1
490011	1
490266	1
490521	1
490777	1
491043	1
491298	1
491559	1
491825	1
492088	1
492347	1
492601	1
492863	1
493119	1
493382	1
493646	1
493905	1
494162	1
494428	1
494692	1
494959	1
495219	1
495485	1
495748	1
496016	1
496287	1
496548	1
496809	1
497074	1
497340	1
497599	1
497857	1
498117	1
498372	1
498630	1
498893	1
499153	1
499411	1
499674	1
499938	1
500202	1
500457	1
500724	1
500982	1
501241	1
501507	1
501769	1
502034	1
502296	1
502562	1
502825	1
503085	1
503351	1
503610	1
503871	1
504139	1
504401	1
504666	1
504929	1
505198	1
505465	1
505724	1
505995	1
506255	1
506522	1
506790	1
507053	1
507318	1
507583	1
507853	1
508118	1
508381	1
508647	1
508913	1
509181	1
509451	1
509719	1
509982	1
510250	1
510519	1
510789	1
511048	1
511314	1
511576	1
511840	1
512109	1
512369	1
512634	1
512899	1
513164	1
513431	1
513688	1
513952	1
514211	1
514473	1
514735	1
514995	1
515255	1
515516	1
515780	1
516041	1
516295	1
516555	1
516814	1
517073	1
517338	1
517599	1
517861	1
518127	1
518393	1
518658	1
518915	1
519178	1
519442	1
519701	1
519966	1
520226	1
520484	1
520748	1
521008	1
521272	1
521521	1
521783	1
522042	1
522304	1
522566	1
522827	1
523086	1
523345	1
523613	1
523876	1
524130	1
524393	1
524656	1
524917	1
525187	1
525454	1
525719	1
525984	1
526259	1
526530	1
526790	1
527064	1
527327	1
527594	1
527865	1
528131	1
528391	1
528658	1
528925	1
529188	1
529444	1
529709	1
529971	1
530229	1
530500	1
530763	1
531026	1
531295	1
531562	1
531832	1
532091	1
532361	1
532625	1
532887	1
533157	1
533422	1
533685	1
533955	1
534225	1
534490	1
534754	1
535026	1
535292	1
535559	1
535833	1
536096	1
536360	1
536628	1
536891	1
537155	1
537409	1
537675	1
537931	1
538195	1
538462	1
538719	1
538982	1
539250	1
539519	1
539786	1
540046	1
540314	1
540576	1
540842	1
541115	1
541375	1
541637	1
541911	1
542179	1
542451	1
542718	1
542986	1
543255	1
543532	1
543810	1
544074	1
544341	1
544616	1
544882	1
545151	1
545420	1
545680	1
545946	1
546212	1
546476	1
546740	1
547001	1
547276	1
547540	1
547805	1
548075	1
548335	1
548602	1
548872	1
549138	1
549403	1
549673	1
549941	1
550207	1
550469	1
550735	1
551011	1
551267	1
551539	1
551805	1
552072	1
552342	1
552611	1
552877	1
553132	1
553397	1
553655	1
553919	1
554182	1
554441	1
554700	1
554966	1
555231	1
555497	1
555757	1
556023	1
556285	1
556554	1
556822	1
557085	1
557351	1
557615	1
557882	1
558149	1
558406	1
558670	1
558929	1
559194	1
559461	1
559722	1
559984	1
560251	1
560515	1
560781	1
561040	1
561304	1
561565	1
561827	1
562093	1
562353	1
562613	1
562875	1
563136	1
563398	1
563654	1
563914	1
564176	1
564435	1
564699	1
564958	1
565215	1
565478	1
565736	1
566012	1
566249	1
566513	1
566769	1
567027	1
567285	1
567543	1
567800	1
568057	1
568321	1
568580	1
568833	1
569093	1
569352	1
569611	1
569874	1
570135	1
570396	1
570650	1
570918	1
571178	1
571435	1
571693	1
571950	1
572208	1
572463	1
572727	1
572981	1
573236	1
573497	1
573757	1
574016	1
574271	1
574531	1
574788	1
575047	1
575311	1
575572	1
575827	1
576093	1
576351	1
576614	1
576865	1
577130	1
577387	1
577643	1
577907	1
578162	1
578419	1
578677	1
578940	1
579196	1
579449	1
579710	1
579967	1
580221	1
580484	1
580741	1
581009	1
581257	1
581524	1
581783	1
582037	1
582304	1
582564	1
582826	1
583090	1
583355	1
583614	1
583878	1
584146	1
584404	1
584660	1
584919	1
585178	1
585431	1
585694	1
585949	1
586203	1
586461	1
586726	1
586987	1
587242	1
587508	1
587766	1
588027	1
588292	1
588555	1
588815	1
589077	1
589346	1
589608	1
589866	1
590133	1
590393	1
590652	1
590919	1
591181	1
591441	1
591704	1
591971	1
592228	1
592482	1
592743	1
593009	1
593252	1
593514	1
593770	1
594029	1
594287	1
594553	1
594814	1
595068	1
595335	1
595592	1
595855	1
596124	1
596388	1
596651	1
596910	1
597182	1
597439	1
597696	1
597958	1
598214	1
598476	1
598739	1
599004	1
599262	1
599524	1
599795	1
600056	1
600318	1
600580	1
600839	1
601099	1
601362	1
601624	1
601880	1
602137	1
602404	1
602663	1
602921	1
603182	1
603440	1
603700	1
603965	1
604229	1
604489	1
604747	1
605016	1
605273	1
605534	1
605791	1
606046	1
606305	1
606561	1
606824	1
607078	1
607336	1
607597	1
607856	1
608117	1
608373	1
608633	1
608892	1
609153	1
609414	1
609671	1
609928	1
610187	1
610442	1
610700	1
610947	1
611204	1
611458	1
611716	1
611976	1
612234	1
612496	1
612754	1
613019	1
613283	1
613537	1
613797	1
614056	1
614315	1
614576	1
614836	1
615094	1
615349	1
615616	1
615875	1
616135	1
616395	1
616652	1
616915	1
617175	1
617443	1
617702	1
617958	1
618225	1
618486	1
618747	1
619005	1
619266	1
619526	1
619791	1
620058	1
620322	1
620585	1
620858	1
621127	1
621393	1
621662	1
621928	1
622193	1
622459	1
622728	1
622992	1
623255	1
623528	1
623794	1
624050	1
624321	1
624584	1
624846	1
625114	1
625375	1
625640	1
625902	1
626171	1
626433	1
626684	1
626951	1
627207	1
627466	1
627726	1
627985	1
628239	1
628498	1
628759	1
629021	1
629273	1
629538	1
629798	1
630056	1
630324	1
630586	1
630848	1
631108	1
631376	1
631642	1
631896	1
632163	1
632422	1
632681	1
632947	1
633209	1
633467	1
633727	1
633995	1
634257	1
634512	1
634778	1
635039	1
635300	1
635566	1
635831	1
636090	1
636351	1
636620	1
636881	1
637138	1
637402	1
637664	1
637925	1
638191	1
638456	1
638714	1
638978	1
639245	1
639506	1
639759	1
640023	1
640283	1
640538	1
640801	1
641059	1
641315	1
641568	1
641837	1
642092	1
642347	1
642606	1
642864	1
643122	1
643382	1
643648	1
643906	1
644164	1
644434	1
644693	1
644951	1
645208	1
645466	1
645722	1
645982	1
646248	1
646503	1
646759	1
647026	1
647285	1
647548	1
647806	1
648068	1
648328	1
648591	1
648856	1
649113	1
649370	1
649634	1
