108164	1
108460	1
108750	1
109023	1
109309	1
109585	1
109824	10
110130	1
110420	1
110703	1
110987	1
111275	1
111505	10
111833	1
112133	1
112434	1
112726	1
113017	1
113322	1
113612	1
113905	1
114204	1
114499	1
114796	1
115092	1
115390	1
115690	1
115987	1
116287	1
116589	1
116890	1
117187	1
117488	1
117789	1
118077	1
118371	1
118665	1
118958	1
119264	1
119560	1
119857	1
120155	1
120463	1
120765	1
121058	1
121367	1
121665	1
121968	1
122268	1
122564	1
122866	1
123148	1
123438	1
123740	1
124024	1
124319	1
124613	1
124903	1
125203	1
125483	1
125705	10
126051	1
126359	1
126658	1
126950	1
127163	10
127479	1
127715	10
128060	1
128293	10
128630	1
128862	10
129211	1
129510	1
129804	1
130008	13
130328	1
130625	1
130914	1
131202	1
131484	1
131757	1
132036	1
132315	1
132587	1
132855	1
133132	1
133403	1
133674	1
133952	1
134233	1
134503	1
134778	1
135055	1
135322	1
135590	1
135850	1
136116	1
136379	1
136646	1
136910	1
137175	1
137441	1
137704	1
137973	1
138243	1
138510	1
138765	1
139037	1
139301	1
139563	1
139831	1
140100	1
140362	1
140625	1
140898	1
141162	1
141427	1
141662	1
141950	1
142208	1
142472	1
142729	1
142987	1
143241	1
143496	1
143749	1
144005	1
144259	1
144511	1
144759	1
145012	1
145265	1
145513	1
145768	1
146021	1
146269	1
146513	1
146767	1
147022	1
147269	1
147511	1
147758	1
148004	1
148247	1
148492	1
148739	1
148981	1
149224	1
149468	1
149715	1
149961	1
150206	1
150451	1
150691	1
150937	1
151180	1
151423	1
151662	1
151909	1
152148	1
152386	1
152623	1
152871	1
153112	1
153351	1
153589	1
153838	1
154075	1
154316	1
154562	1
154811	1
155053	1
155299	1
155545	1
155794	1
156037	1
156283	1
156524	1
156766	1
157010	1
157256	1
157497	1
157744	1
157992	1
158182	10
158466	1
158723	1
158978	1
159232	1
159481	1
159736	1
159989	1
160238	1
160492	1
160748	1
160998	1
161246	1
161494	1
161682	10
161957	1
162210	1
162459	1
162706	1
162955	1
163207	1
163462	1
163716	1
163974	1
164233	1
164487	1
164752	1
165011	1
165269	1
165526	1
165791	1
165963	10
166223	1
166538	1
166814	1
167076	1
167343	1
167609	1
167879	1
168144	1
168410	1
168674	1
168932	1
169194	1
169454	1
169717	1
169974	1
170231	1
170483	1
170749	1
171006	1
171269	1
171520	1
171785	1
172044	1
172303	1
172569	1
172833	1
173088	1
173339	1
173604	1
173858	1
174115	1
174366	1
174626	1
174873	1
175133	1
175390	1
175652	1
175904	1
176163	1
176422	1
176670	1
176950	1
177209	1
177466	1
177726	1
177896	13
178206	1
178512	1
178779	1
179039	1
179296	1
179564	1
179791	1
180082	1
180277	13
180611	1
180872	1
181131	1
181398	1
181656	1
181912	1
182171	1
182416	1
182690	1
182954	1
183208	1
183467	1
183724	1
183983	1
184183	10
184488	1
184748	1
185007	1
185264	1
185530	1
185788	1
186041	1
186293	1
186481	10
186765	1
187019	1
187278	1
187535	1
187781	1
188032	1
188282	1
188535	1
188782	1
189034	1
189282	1
189529	1
189776	1
190028	1
190276	1
190523	1
190772	1
190953	10
191231	1
191489	1
191738	1
191986	1
192234	1
192486	1
192732	1
192978	1
193229	1
193454	1
193727	1
193982	1
194245	1
194505	1
194764	1
195027	1
195294	1
195556	1
195822	1
196086	1
196353	1
196619	1
196889	1
197158	1
197431	1
197700	1
197970	1
198239	1
198511	1
198781	1
199055	1
199333	1
199608	1
199800	13
200103	1
200389	1
200584	10
200900	1
201174	1
201451	1
201723	1
202003	1
202282	1
202562	1
202844	1
203124	1
203410	1
203694	1
203974	1
204256	1
204429	13
204817	1
205098	1
205384	1
205661	1
205934	1
206219	1
206500	1
206779	1
207058	1
207344	1
207619	1
207898	1
208179	1
208453	1
208732	1
209005	1
209283	1
209560	1
209839	1
210113	1
210391	1
210669	1
210942	1
211226	1
211498	1
211764	1
212032	1
212306	1
212575	1
212840	1
213113	1
213383	1
213651	1
213925	1
214206	1
214477	1
214752	1
215032	1
215311	1
215594	1
215871	1
216151	1
216431	1
216710	1
216990	1
217189	10
217495	1
217772	1
218050	1
218327	1
218602	1
218868	1
219145	1
219419	1
219691	1
219970	1
220245	1
220516	1
220791	1
221073	1
221339	1
221618	1
221891	1
222166	1
222434	1
222707	1
222982	1
223255	1
223530	1
223801	1
224076	1
224351	1
224626	1
224903	1
225174	1
225450	1
225724	1
226010	1
226280	1
226472	13
226776	1
227061	1
227332	1
227602	1
227874	1
228134	1
228405	1
228678	1
228955	1
229227	1
229503	1
229779	1
230054	1
230339	1
230611	1
230887	1
231164	1
231435	1
231708	1
231992	1
232264	1
232532	1
232812	1
233089	1
233370	1
233633	1
233914	1
234197	1
234473	1
234761	1
234958	13
235265	1
235544	1
235828	1
236107	1
236385	1
236658	1
236941	1
237226	1
237510	1
237798	1
238084	1
238370	1
238655	1
238953	1
239238	1
239433	10
239749	1
240034	1
240321	1
240538	10
240887	1
241182	1
241482	1
241786	1
242083	1
242392	1
242694	1
243004	1
243321	1
243627	1
243943	1
244251	1
244554	1
244872	1
245181	1
245481	1
245793	1
246100	1
246397	1
246701	1
247001	1
247296	1
247596	1
247898	1
248196	1
248489	1
248793	1
249105	1
249417	1
249729	1
250052	1
250371	1
250686	1
251006	1
251324	1
251637	1
251954	1
252261	1
252572	1
252882	1
253177	1
253378	10
253724	1
254028	1
254338	1
254653	1
254962	1
255285	1
255609	1
255925	1
256241	1
256557	1
256875	1
257192	1
257500	1
257814	1
258126	1
258439	1
258756	1
259066	1
259374	1
259691	1
259996	1
260300	1
260607	1
260907	1
261130	13
261489	1
261789	1
262093	1
262397	1
262603	10
262930	1
263225	1
263423	10
263742	1
263970	10
264299	1
264588	1
264871	1
265147	1
265433	1
265712	1
265989	1
266262	1
266544	1
266817	1
267092	1
267377	1
267651	1
267822	13
268189	1
268464	1
268729	1
268999	1
269226	10
269520	1
269788	1
270059	1
270326	1
270595	1
270866	1
271131	1
271405	1
271676	1
271942	1
272202	1
272422	10
272721	1
272985	1
273255	1
273525	1
273787	1
273976	10
274281	1
274547	1
274816	1
275076	1
275348	1
275555	10
275862	1
276135	1
276407	1
276675	1
276941	1
277200	1
277469	1
277691	10
277983	1
278247	1
278505	1
278767	1
279023	1
279256	1
279544	1
279810	1
280078	1
280358	1
280626	1
280902	1
281177	1
281449	1
281726	1
282012	1
282298	1
282577	1
282862	1
283153	1
283441	1
283732	1
284015	1
284304	1
284591	1
284874	1
285163	1
285458	1
285741	1
286025	1
286322	1
286538	10
286846	1
287146	1
287443	1
287734	1
288027	1
288321	1
288609	1
288905	1
289203	1
289499	1
289802	1
290094	1
290391	1
290689	1
290984	1
291282	1
291571	1
291855	1
292079	10
292376	1
292659	1
292931	1
293215	1
293490	1
293768	1
294055	1
294340	1
294622	1
294907	1
295203	1
295487	1
295779	1
296066	1
296353	1
296649	1
296937	1
297232	1
297525	1
297814	1
298116	1
298411	1
298704	1
299003	1
299297	1
299590	1
300154	1
300477	1
300787	1
301098	1
301390	1
301677	1
301967	1
302251	1
302542	1
302832	1
303117	1
303404	1
303686	1
303970	1
304253	1
304533	1
304805	1
305086	1
305363	1
305585	10
306026	1
306331	1
306609	1
306895	1
307109	10
307404	1
307684	1
307961	1
308235	1
308505	1
308784	1
309057	1
309327	1
309544	10
309829	1
310108	1
310392	1
310666	1
311161	1
311465	1
311743	1
312026	1
312301	1
312568	1
312853	1
313126	1
313398	1
313675	1
313956	1
314169	10
314470	1
314772	1
315054	1
315342	1
315627	1
315911	1
316196	1
316480	1
316764	1
317043	1
317330	1
317612	1
317896	1
318184	1
318468	1
318761	1
319050	1
319342	1
319559	10
319929	1
320251	1
320559	1
320872	1
321170	1
321464	1
321765	1
322052	1
322340	1
322631	1
322915	1
323206	1
323503	1
323795	1
324088	1
324379	1
324675	1
324966	1
325256	1
325537	1
325830	1
326119	1
326412	1
326709	1
326996	1
327286	1
327577	1
327873	1
328163	1
328449	1
328741	1
329020	1
329311	1
329601	1
329886	1
330114	10
330553	1
330897	1
331205	1
331487	1
331781	1
332069	1
332351	1
332647	1
332930	1
333213	1
333500	1
333790	1
334078	1
334358	1
334650	1
334932	1
335217	1
335508	1
335794	1
336078	1
336363	1
336653	1
336938	1
337223	1
337501	1
337783	1
338071	1
338355	1
338642	1
338925	1
339200	1
339415	10
339715	1
340003	1
340272	1
340556	1
340830	1
341103	1
341387	1
341667	1
341939	1
342221	1
342506	1
342728	10
343162	1
343464	1
343743	1
344024	1
344296	1
344575	1
344847	1
345077	10
345380	1
345665	1
345870	13
346211	1
346497	1
346775	1
347054	1
347333	1
347610	1
347889	1
348170	1
348463	1
348740	1
349018	1
349302	1
349581	1
349865	1
350155	1
350443	1
350716	1
350945	10
351251	1
351540	1
351828	1
352104	1
352383	1
352659	1
352936	1
353221	1
353504	1
353779	1
354054	1
354296	1
354611	1
354905	1
355193	1
355467	1
355750	1
356035	1
356313	1
356590	1
356871	1
357151	1
357428	1
357713	1
357987	1
358269	1
358549	1
358826	1
359107	1
359286	13
359673	1
359958	1
360246	1
360527	1
360805	1
361086	1
361373	1
361656	1
361878	10
362192	1
362504	1
362805	1
363109	1
363405	1
363705	1
364001	1
364303	1
364599	1
364896	1
365198	1
365492	1
365785	1
366084	1
366643	1
366944	1
367252	1
367544	1
367838	1
368136	1
368424	1
368711	1
369001	1
369292	1
369580	1
369868	1
370157	1
370446	1
370735	1
371026	1
371318	1
371605	1
371888	1
372177	1
372462	1
372738	1
373015	1
373299	1
373576	1
373861	1
374152	1
374434	1
374718	1
375012	1
375303	1
375594	1
375883	1
376173	1
376458	1
376751	1
376966	10
377288	1
377588	1
377882	1
378178	1
378474	1
378757	1
379053	1
379586	1
379894	1
380197	1
380489	1
380781	1
381082	1
381367	1
381652	1
381942	1
382221	1
382507	1
382798	1
383088	1
383379	1
383676	1
383964	1
384269	1
384568	1
384865	1
385157	1
385453	1
385745	1
386040	1
386336	1
386622	1
386926	1
387220	1
387506	1
387806	1
388095	1
388384	1
388681	1
388975	1
389261	1
389544	1
389829	1
390114	1
390400	1
390691	1
390964	1
391246	1
391527	1
391814	1
392096	1
392381	1
392678	1
392967	1
393262	1
393551	1
393850	1
394145	1
394438	1
394745	1
395042	1
395334	1
395641	1
395940	1
396237	1
396530	1
396813	1
397105	1
397405	1
397700	1
397993	1
398281	1
398576	1
398870	1
399164	1
399374	10
399677	1
399985	1
400270	1
400574	1
400876	1
401170	1
401474	1
401784	1
402083	1
402377	1
402678	1
402971	1
403268	1
403570	1
403856	1
404146	1
404457	1
404759	1
405050	1
405352	1
405648	1
405945	1
406243	1
406538	1
406759	10
407077	1
407377	1
407685	1
407985	1
408278	1
408584	1
408880	1
409182	1
409490	1
410032	1
410345	1
410655	1
410963	1
411261	1
411563	1
411870	1
412173	1
412475	1
412777	1
413078	1
413379	1
413688	1
413988	1
414288	1
414595	1
414900	1
415202	1
415513	1
415810	1
416109	1
416419	1
416718	1
417013	1
417312	1
417606	1
417901	1
418201	1
418504	1
418799	1
419090	1
419390	1
419685	1
419972	1
420255	1
420552	1
420842	1
421127	1
421419	1
421705	1
421987	1
422273	1
422515	10
422824	1
423107	1
423398	1
423676	1
423956	1
424190	10
424491	1
424775	1
425048	1
425325	1
425597	1
425872	1
426145	1
426424	1
426706	1
426988	1
427282	1
427567	1
427851	1
428145	1
428432	1
428722	1
429005	1
429294	1
429577	1
429865	1
430153	1
430430	1
430660	10
430993	1
431288	1
431579	1
431864	1
432156	1
432450	1
432744	1
433042	1
433339	1
433635	1
433926	1
434232	1
434530	1
434823	1
435123	1
435420	1
435716	1
436019	1
436314	1
436606	1
436907	1
437211	1
437512	1
437817	1
438116	1
438418	1
438726	1
439028	1
439332	1
439634	1
439932	1
440237	1
440543	1
440832	1
441136	1
441436	1
441726	1
442035	1
442333	1
442620	1
442917	1
443216	1
443508	1
443795	1
444087	1
444372	1
444665	1
444959	1
445242	1
445530	1
445801	1
446097	1
446391	1
446674	1
446962	1
447246	1
447529	1
447735	10
448048	1
448335	1
448619	1
448921	1
449213	1
449503	1
449796	1
450092	1
450382	1
450682	1
450983	1
451279	1
451580	1
451884	1
452184	1
452493	1
452789	1
453095	1
453405	1
453710	1
454023	1
454333	1
454635	1
454950	1
455258	1
455565	1
455876	1
456185	1
456496	1
456814	1
457121	1
457432	1
457746	1
458059	1
458365	1
458665	1
458974	1
459278	1
459581	1
459891	1
460191	1
460486	1
460799	1
461098	1
461395	1
461701	1
462005	1
462305	1
462616	1
462922	1
463215	1
463517	1
463820	1
464109	1
464398	1
464699	1
464986	1
465281	1
465585	1
465876	1
466178	1
466481	1
466780	1
467080	1
467373	1
467675	1
467970	1
468261	1
468563	1
468856	1
469146	1
469445	1
469746	1
470040	1
470333	1
470639	1
470934	1
471233	1
471542	1
471841	1
472138	1
472445	1
472743	1
473044	1
473338	1
473636	1
473941	1
474243	1
474548	1
474855	1
475160	1
475473	1
475783	1
476090	1
476399	1
476710	1
477016	1
477331	1
477639	1
477944	1
478258	1
478573	1
478882	1
479190	1
479506	1
479815	1
480376	1
480695	1
481001	1
481301	1
481592	1
481884	1
482161	1
482449	1
482691	10
483004	1
483311	1
483610	1
483904	1
484208	1
484515	1
484810	1
485103	1
485409	1
485705	1
486000	1
486305	1
486602	1
486898	1
487195	1
487498	1
487799	1
488092	1
488398	1
488635	10
488994	1
489197	13
489584	1
489890	1
490205	1
490515	1
490820	1
491126	1
491437	1
491665	10
492032	1
492367	1
492688	1
493008	1
493329	1
493649	1
493961	1
494270	1
494580	1
494895	1
495209	1
495522	1
495834	1
496151	1
496471	1
496787	1
497013	10
497385	1
497717	1
497905	13
498357	1
498673	1
498986	1
499221	10
499585	1
499914	1
500240	1
500562	1
500884	1
501213	1
501534	1
501850	1
502172	1
502484	1
502793	1
503113	1
503339	10
503709	1
504049	1
504366	1
504686	1
505012	1
505324	1
505641	1
505954	1
506259	1
506573	1
506882	1
507108	10
507464	1
507771	1
508084	1
508394	1
508615	10
508957	1
509264	1
509568	1
509878	1
510101	10
510444	1
510751	1
511062	1
511368	1
511668	1
511973	1
512273	1
512495	10
512852	1
513159	1
513469	1
513696	10
514045	1
514361	1
514668	1
514898	10
515250	1
515567	1
515882	1
516192	1
516498	1
516813	1
517118	1
517419	1
517729	1
518036	1
518340	1
518658	1
518971	1
519278	1
519594	1
519908	1
520220	1
520531	1
520840	1
521152	1
521467	1
521788	1
522098	1
522412	1
522735	1
523049	1
523353	1
523665	1
523977	1
524285	1
524593	1
524901	1
525211	1
525519	1
525827	1
526130	1
526438	1
526748	1
527053	1
527368	1
527680	1
527983	1
528287	1
528597	1
528899	1
529200	1
529496	1
529803	1
530104	1
530401	1
530711	1
531016	1
531311	1
531624	1
531806	13
532216	1
532522	1
532823	1
533119	1
533418	1
533720	1
534021	1
534318	1
534626	1
534934	1
535237	1
535539	1
535849	1
536156	1
536463	1
536778	1
537083	1
537385	1
537696	1
538000	1
538298	1
538610	1
538918	1
539229	1
539545	1
539855	1
540170	1
540489	1
540800	1
541114	1
541422	1
541733	1
542047	1
542353	1
542667	1
542984	1
543289	1
543603	1
543914	1
544219	1
544534	1
544844	1
545147	1
545460	1
545765	1
546066	1
546380	1
546684	1
546989	1
547299	1
547601	1
547905	1
548209	1
548513	1
548818	1
549118	1
549425	1
549734	1
549951	10
550270	1
550583	1
550882	1
551192	1
551498	1
551797	1
552099	1
552408	1
552713	1
553012	1
553314	1
553614	1
553915	1
554216	1
554512	1
554810	1
555108	1
555401	1
555705	1
555998	1
556297	1
556601	1
556799	13
557093	1
557471	1
557782	1
558095	1
558404	1
558709	1
559014	1
559320	1
559616	1
559920	1
560229	1
560524	1
560825	1
561135	1
561439	1
561744	1
562043	1
562342	1
562638	1
562939	1
563238	1
563529	1
563811	1
564026	10
564344	1
564638	1
564930	1
565229	1
565527	1
565832	1
566146	1
566447	1
566750	1
567069	1
567379	1
567679	1
567986	1
568285	1
568586	1
568895	1
569194	1
569500	1
569812	1
570123	1
570442	1
570752	1
571066	1
571264	13
571679	1
571913	10
572299	1
572601	1
572913	1
573221	1
573523	1
573828	1
574133	1
574445	1
574756	1
575067	1
575374	1
575689	1
576003	1
576314	1
576621	1
576929	1
577238	1
577548	1
577858	1
578172	1
578478	1
578791	1
579099	1
579404	1
579708	1
580017	1
580317	1
580616	1
580921	1
581209	1
581505	1
581804	1
582088	1
582319	13
582632	1
582930	1
583217	1
583503	1
583790	1
584024	10
584332	1
584614	1
584897	1
585172	1
585431	1
585700	1
585961	1
586220	1
586480	1
586745	1
587010	1
587253	1
587510	1
587771	1
588017	1
588268	1
588514	1
588762	1
589006	1
589249	1
589495	1
589736	1
589988	1
590218	1
590458	1
590705	1
590948	1
591189	1
591426	1
591674	1
591919	1
592164	1
592409	1
592658	1
592903	1
593143	1
593388	1
593637	1
593878	1
594118	1
594359	1
594602	1
594842	1
595083	1
595330	1
595575	1
595817	1
596060	1
596307	1
596553	1
596796	1
597040	1
597282	1
597524	1
597766	1
598010	1
598252	1
598498	1
598744	1
598988	1
599230	1
599419	10
599698	1
599949	1
600191	1
600444	1
600690	1
600934	1
601182	1
601435	1
601679	1
601926	1
602175	1
602432	1
602675	1
602924	1
603170	1
603418	1
603666	1
603919	1
604172	1
604426	1
604675	1
604929	1
605182	1
605440	1
605692	1
605944	1
606191	1
606446	1
606694	1
606940	1
607196	1
607451	1
607702	1
607952	1
608212	1
608468	1
608722	1
608973	1
609233	1
609482	1
609736	1
609989	1
610246	1
610496	1
610752	1
611003	1
611261	1
611515	1
611770	1
612018	1
612216	13
612635	1
612900	1
613163	1
613423	1
613678	1
613929	1
614187	1
614442	1
614691	1
614940	1
615132	10
615408	1
615659	1
615915	1
616171	1
616365	13
616651	1
616907	1
617165	1
617421	1
617678	1
617931	1
618185	1
618438	1
618693	1
618946	1
619206	1
619458	1
619708	1
619955	1
620214	1
620463	1
620714	1
620962	1
621218	1
621468	1
621717	1
621973	1
622228	1
622471	1
622718	1
622965	1
623215	1
623460	1
623709	1
623955	1
624141	13
624425	1
624682	1
624935	1
625194	1
625447	1
625701	1
625956	1
626216	1
626475	1
626723	1
626981	1
627234	1
627422	13
627599	13
627856	1
628117	1
628365	1
628616	1
628875	1
629130	1
629384	1
629630	1
629884	1
630130	1
630381	1
630636	1
630893	1
631142	1
631395	1
631646	1
631902	1
632157	1
632413	1
632660	1
632917	1
633172	1
633427	1
633680	1
633938	1
634194	1
634443	1
634705	1
634965	1
635225	1
635479	1
635740	1
636000	1
636256	1
636517	1
636784	1
637039	1
637297	1
637489	13
637913	1
638182	1
638439	1
638695	1
638950	1
639208	1
639402	13
639684	1
639941	1
640195	1
640447	1
640642	13
640924	1
641181	1
641427	1
641684	1
641937	1
642185	1
642441	1
642700	1
642950	1
643202	1
643459	1
643723	1
643977	1
644235	1
644488	1
644743	1
644997	1
645259	1
645519	1
645777	1
646035	1
646259	1
646545	1
646807	1
647073	1
647325	1
647526	13
647812	1
648077	1
648339	1
648609	1
648801	10
649235	1
649437	10
649751	1
