108093	1
108450	1
108803	1
109161	1
109519	1
109873	1
110235	1
110596	1
110966	1
111331	1
111690	1
112064	1
112431	1
112795	1
113162	1
113530	1
113902	1
114270	1
114632	1
115003	1
115367	1
115720	1
116084	1
116434	1
116783	1
117143	1
117486	1
117832	1
118185	1
118530	1
118882	1
119240	1
119610	1
119985	1
120352	1
120720	1
121097	1
121469	1
121837	1
122204	1
122569	1
122930	1
123296	1
123653	1
124018	1
124391	1
124752	1
125101	1
125459	1
125810	1
126169	1
126529	1
126888	1
127262	1
127631	1
128001	1
128374	1
128734	1
129107	1
129488	1
129863	1
130230	1
130607	1
130980	1
131343	1
131702	1
132066	1
132436	1
132791	1
133146	1
133515	1
133875	1
134234	1
134601	1
134959	1
135321	1
135686	1
136048	1
136410	1
136771	1
137128	1
137481	1
137835	1
138184	1
138549	1
138905	1
139257	1
139621	1
139969	1
140314	1
140663	1
141011	1
141358	1
141705	1
142037	1
142364	1
142703	1
143031	1
143348	1
143671	1
143980	1
144287	1
144599	1
144907	1
145220	1
145537	1
145859	1
146188	1
146510	1
146835	1
147155	1
147476	1
147799	1
148114	1
148425	1
148743	1
149057	1
149366	1
149680	1
149998	1
150320	1
150646	1
150975	1
151312	1
151657	1
151996	1
152328	1
152668	1
153001	1
153346	1
153693	1
154039	1
154383	1
154732	1
155079	1
155420	1
155763	1
156100	1
156435	1
156777	1
157113	1
157450	1
157802	1
158146	1
158491	1
158840	1
159196	1
159556	1
159924	1
160279	1
160624	1
160978	1
161327	1
161665	1
162016	1
162365	1
162719	1
163073	1
163416	1
163755	1
164105	1
164447	1
164778	1
165122	1
165458	1
165799	1
166148	1
166493	1
166847	1
167207	1
167566	1
167914	1
168271	1
168625	1
168974	1
169326	1
169673	1
170031	1
170390	1
170746	1
171092	1
171446	1
171804	1
172162	1
172503	1
172848	1
173197	1
173534	1
173863	1
174197	1
174523	1
174863	1
175215	1
175560	1
175909	1
176270	1
176620	1
176961	1
177313	1
177655	1
177992	1
178330	1
178669	1
179017	1
179379	1
179737	1
180100	1
180466	1
180833	1
181191	1
181561	1
181922	1
182287	1
182648	1
182999	1
183351	1
183696	1
184042	1
184394	1
184738	1
185079	1
185429	1
185775	1
186119	1
186469	1
186822	1
187174	1
187536	1
187895	1
188249	1
188621	1
188982	1
189322	1
189672	1
190026	1
190385	1
190741	1
191091	1
191449	1
191807	1
192161	1
192513	1
192869	1
193230	1
193599	1
193952	1
194307	1
194673	1
195028	1
195376	1
195731	1
196084	1
196448	1
196811	1
197176	1
197546	1
197917	1
198279	1
198644	1
199009	1
199373	1
199740	1
200102	1
200464	1
200833	1
201200	1
201558	1
201924	1
202277	1
202631	1
202988	1
203347	1
203714	1
204082	1
204445	1
204816	1
205184	1
205548	1
205911	1
206273	1
206640	1
207008	1
207376	1
207732	1
208094	1
208454	1
208825	1
209189	1
209555	1
209932	1
210308	1
210683	1
211066	1
211442	1
211831	1
212213	1
212591	1
212978	1
213356	1
213727	1
214102	1
214483	1
214867	1
215242	1
215612	1
215987	1
216348	1
216707	1
217073	1
217431	1
217791	1
218166	1
218536	1
218909	1
219293	1
219668	1
220039	1
220417	1
220797	1
221180	1
221551	1
221925	1
222308	1
222689	1
223063	1
223438	1
223822	1
224205	1
224572	1
224937	1
225315	1
225676	1
226038	1
226406	1
226766	1
227136	1
227509	1
227873	1
228251	1
228628	1
228994	1
229369	1
229734	1
230102	1
230480	1
230846	1
231218	1
231591	1
231959	1
232329	1
232695	1
233053	1
233422	1
233777	1
234142	1
234515	1
234881	1
235241	1
235601	1
235959	1
236326	1
236690	1
237051	1
237414	1
237778	1
238136	1
238502	1
238867	1
239239	1
239613	1
239985	1
240364	1
240739	1
241115	1
241484	1
241858	1
242233	1
242597	1
242972	1
243348	1
243716	1
244092	1
244460	1
244826	1
245201	1
245572	1
245935	1
246289	1
246661	1
247021	1
247367	1
247731	1
248093	1
248450	1
248814	1
249164	1
249528	1
249892	1
250246	1
250606	1
250971	1
251335	1
251707	1
252061	1
252424	1
252790	1
253152	1
253504	1
253863	1
254220	1
254582	1
254941	1
255299	1
255661	1
256015	1
256374	1
256740	1
257099	1
257455	1
257817	1
258178	1
258547	1
258927	1
259301	1
259654	1
260022	1
260389	1
260760	1
261130	1
261483	1
261851	1
262218	1
262578	1
262951	1
263319	1
263694	1
264078	1
264453	1
264813	1
265190	1
265563	1
265925	1
266288	1
266656	1
267034	1
267406	1
267775	1
268160	1
268531	1
268899	1
269273	1
269648	1
270030	1
270404	1
270773	1
271141	1
271503	1
271853	1
272211	1
272570	1
272939	1
273306	1
273669	1
274041	1
274406	1
274775	1
275141	1
275500	1
275861	1
276229	1
276586	1
276940	1
277296	1
277636	1
277974	1
278329	1
278677	1
279031	1
279391	1
279747	1
280107	1
280463	1
280819	1
281169	1
281516	1
281868	1
282224	1
282576	1
282914	1
283260	1
283611	1
283967	1
284332	1
284696	1
285061	1
285428	1
285781	1
286144	1
286509	1
286872	1
287222	1
287579	1
287933	1
288295	1
288645	1
288995	1
289355	1
289709	1
290063	1
290422	1
290769	1
291133	1
291505	1
291871	1
292239	1
292608	1
292980	1
293337	1
293705	1
294067	1
294434	1
294795	1
295155	1
295525	1
295890	1
296243	1
296607	1
296966	1
297331	1
297697	1
298059	1
298423	1
298792	1
299160	1
299517	1
299889	1
300251	1
300622	1
300985	1
301346	1
301719	1
302080	1
302434	1
302794	1
303144	1
303496	1
303846	1
304195	1
304543	1
304898	1
305251	1
305600	1
305951	1
306303	1
306662	1
307015	1
307375	1
307736	1
308087	1
308440	1
308809	1
309175	1
309539	1
309909	1
310274	1
310638	1
311014	1
311384	1
311749	1
312113	1
312475	1
312842	1
313210	1
313581	1
313959	1
314329	1
314691	1
315056	1
315413	1
315779	1
316149	1
316513	1
316883	1
317249	1
317610	1
317974	1
318332	1
318702	1
319083	1
319456	1
319830	1
320209	1
320581	1
320948	1
321318	1
321683	1
322052	1
322404	1
322753	1
323124	1
323482	1
323832	1
324195	1
324554	1
324908	1
325266	1
325621	1
325977	1
326340	1
326701	1
327065	1
327422	1
327784	1
328151	1
328508	1
328857	1
329219	1
329569	1
329920	1
330276	1
330624	1
330978	1
331332	1
331690	1
332048	1
332413	1
332773	1
333127	1
333478	1
333839	1
334209	1
334571	1
334926	1
335294	1
335661	1
336013	1
336374	1
336732	1
337085	1
337446	1
337801	1
338154	1
338505	1
338859	1
339205	1
339557	1
339904	1
340247	1
340586	1
340936	1
341294	1
341645	1
342002	1
342356	1
342701	1
343054	1
343414	1
343775	1
344136	1
344510	1
344874	1
345217	1
345569	1
345913	1
346255	1
346601	1
346934	1
347265	1
347596	1
347948	1
348286	1
348629	1
348972	1
349327	1
349688	1
350055	1
350427	1
350807	1
351179	1
351557	1
351935	1
352320	1
352711	1
353095	1
353487	1
353873	1
354258	1
354631	1
355003	1
355379	1
355765	1
356129	1
356495	1
356878	1
357257	1
357631	1
358006	1
358375	1
358752	1
359129	1
359495	1
359879	1
360261	1
360627	1
361002	1
361378	1
361767	1
362141	1
362516	1
362893	1
363272	1
363643	1
364017	1
364269	10
364724	1
364917	10
365456	1
365835	1
366203	1
366560	1
366934	1
367304	1
367678	1
368055	1
368423	1
368797	1
369157	1
369521	1
369888	1
370244	1
370610	1
370974	1
371332	1
371692	1
372064	1
372424	1
372780	1
373139	1
373494	1
373855	1
374210	1
374563	1
374931	1
375292	1
375648	1
376008	1
376360	1
376716	1
377080	1
377436	1
377797	1
378162	1
378523	1
378880	1
379244	1
379602	1
379962	1
380318	1
380672	1
381034	1
381389	1
381745	1
382106	1
382466	1
382824	1
383195	1
383561	1
383926	1
384293	1
384653	1
384997	1
385340	1
385684	1
386039	1
386398	1
386746	1
387110	1
387483	1
387859	1
388232	1
388595	1
388966	1
389343	1
389704	1
390059	1
390428	1
390785	1
391139	1
391496	1
391853	1
392210	1
392568	1
392923	1
393283	1
393645	1
394004	1
394364	1
394726	1
395092	1
395461	1
395826	1
396196	1
396568	1
396941	1
397306	1
397665	1
398033	1
398399	1
398753	1
399112	1
399486	1
399848	1
400210	1
400582	1
400945	1
401310	1
401672	1
402034	1
402405	1
402775	1
403133	1
403488	1
403845	1
404206	1
404575	1
404941	1
405308	1
405679	1
406046	1
406404	1
406763	1
407122	1
407487	1
407851	1
408209	1
408587	1
408955	1
409322	1
409698	1
410068	1
410434	1
410807	1
411179	1
411551	1
411922	1
412295	1
412670	1
413041	1
413413	1
413791	1
414162	1
414540	1
414917	1
415286	1
415659	1
416031	1
416406	1
416790	1
417165	1
417546	1
417928	1
418308	1
418685	1
419049	1
419420	1
419794	1
420161	1
420524	1
420896	1
421268	1
421630	1
421999	1
422370	1
422743	1
423118	1
423492	1
423873	1
424246	1
424616	1
424987	1
425361	1
425741	1
426114	1
426489	1
426867	1
427243	1
427615	1
427988	1
428366	1
428741	1
429119	1
429493	1
429874	1
430248	1
430621	1
430997	1
431366	1
431745	1
432122	1
432493	1
432866	1
433245	1
433619	1
433989	1
434356	1
434728	1
435112	1
435489	1
435871	1
436256	1
436639	1
437020	1
437393	1
437770	1
438155	1
438534	1
438913	1
439300	1
439684	1
440063	1
440443	1
440813	1
441194	1
441562	1
441930	1
442306	1
442674	1
443033	1
443401	1
443767	1
444129	1
444491	1
444849	1
445218	1
445582	1
445938	1
446297	1
446646	1
447006	1
447373	1
447732	1
448095	1
448463	1
448823	1
449177	1
449538	1
449899	1
450259	1
450609	1
450961	1
451322	1
451673	1
452028	1
452396	1
452761	1
453128	1
453502	1
453875	1
454255	1
454627	1
454996	1
455367	1
455742	1
456118	1
456499	1
456874	1
457250	1
457624	1
457991	1
458359	1
458736	1
459109	1
459487	1
459861	1
460240	1
460618	1
460998	1
461372	1
461739	1
462111	1
462488	1
462858	1
463220	1
463591	1
463949	1
464310	1
464670	1
465032	1
465397	1
465770	1
466132	1
466501	1
466873	1
467239	1
467612	1
467975	1
468340	1
468714	1
469078	1
469441	1
469809	1
470173	1
470530	1
470890	1
471254	1
471622	1
471981	1
472335	1
472700	1
473051	1
473389	1
473748	1
474100	1
474467	1
474835	1
475200	1
475578	1
475963	1
476341	1
476722	1
477104	1
477491	1
477881	1
478261	1
478654	1
479049	1
479433	1
479813	1
480195	1
480575	1
480959	1
481326	1
481709	1
482092	1
482474	1
482845	1
483217	1
483595	1
483972	1
484343	1
484720	1
485107	1
485488	1
485860	1
486241	1
486624	1
487011	1
487377	1
487753	1
488131	1
488508	1
488879	1
489245	1
489599	1
489971	1
490334	1
490692	1
491066	1
491437	1
491808	1
492190	1
492567	1
492941	1
493312	1
493682	1
494062	1
494428	1
494801	1
495182	1
495552	1
495926	1
496303	1
496675	1
497046	1
497414	1
497771	1
498133	1
498492	1
498861	1
499234	1
499606	1
499983	1
500357	1
500721	1
501102	1
501484	1
501864	1
502250	1
502625	1
503003	1
503392	1
503774	1
504157	1
504541	1
504929	1
505312	1
505686	1
506068	1
506446	1
506828	1
507211	1
507587	1
507969	1
508346	1
508717	1
509095	1
509480	1
509863	1
510251	1
510633	1
511010	1
511386	1
511757	1
512135	1
512516	1
512893	1
513267	1
513648	1
514033	1
514412	1
514784	1
515154	1
515526	1
515885	1
516249	1
516614	1
516981	1
517349	1
517718	1
518070	1
518439	1
518807	1
519175	1
519553	1
519929	1
520307	1
520682	1
521051	1
521397	1
521749	1
522119	1
522487	1
522852	1
523223	1
523602	1
523979	1
524361	1
524739	1
525122	1
525501	1
525880	1
526257	1
526634	1
527000	1
527370	1
527744	1
528107	1
528463	1
528824	1
529191	1
529561	1
529927	1
530290	1
530660	1
531023	1
531353	1
531689	1
532019	1
532344	1
532677	1
532999	1
533319	1
533652	1
533982	1
534315	1
534652	1
534984	1
535312	1
535649	1
535982	1
536315	1
536660	1
536991	1
537326	1
537665	1
538001	1
538348	1
538703	1
539047	1
539387	1
539742	1
540085	1
540423	1
540772	1
541121	1
541472	1
541824	1
542176	1
542524	1
542886	1
543245	1
543601	1
543959	1
544316	1
544684	1
545042	1
545392	1
545748	1
546098	1
546449	1
546799	1
547148	1
547501	1
547854	1
548199	1
548545	1
548900	1
549249	1
549584	1
549927	1
550264	1
550592	1
550932	1
551259	1
551584	1
551914	1
552240	1
552558	1
552881	1
553202	1
553519	1
553842	1
554156	1
554465	1
554778	1
555096	1
555401	1
555703	1
556014	1
556318	1
556620	1
556925	1
557223	1
557514	1
557805	1
558098	1
558382	1
558659	1
558940	1
559217	1
559491	1
559781	1
560044	1
560315	1
560591	1
560866	1
561145	1
561419	1
561696	1
561965	1
562245	1
562519	1
562798	1
563080	1
563357	1
563637	1
563913	1
564197	1
564470	1
564753	1
565023	1
565298	1
565570	1
565837	1
566108	1
566376	1
566641	1
566902	1
567175	1
567440	1
567709	1
567974	1
568247	1
568518	1
568793	1
569071	1
569354	1
569629	1
569904	1
570186	1
570469	1
570752	1
571030	1
571322	1
571607	1
571892	1
572186	1
572474	1
572757	1
573042	1
573334	1
573612	1
573894	1
574171	1
574445	1
574722	1
574998	1
575276	1
575549	1
575823	1
576095	1
576377	1
576657	1
576933	1
577213	1
577493	1
577773	1
578052	1
578339	1
578617	1
578896	1
579179	1
579462	1
579743	1
580020	1
580299	1
580578	1
580855	1
581133	1
581413	1
581684	1
581957	1
582230	1
582505	1
582775	1
583036	1
583301	1
583565	1
583827	1
584088	1
584352	1
584613	1
584876	1
585132	1
585403	1
585661	1
585927	1
586184	1
586456	1
586723	1
586992	1
587265	1
587543	1
587817	1
588085	1
588368	1
588646	1
588924	1
589198	1
589487	1
589771	1
590059	1
590351	1
590641	1
590927	1
591212	1
591507	1
591786	1
592072	1
592348	1
592634	1
592922	1
593206	1
593503	1
593787	1
594079	1
594375	1
594675	1
594974	1
595261	1
595848	1
596137	1
596437	1
596737	1
597036	1
597335	1
597646	1
597950	1
598248	1
598545	1
598846	1
599147	1
599457	1
599767	1
600065	1
600369	1
600688	1
600996	1
601301	1
601607	1
601914	1
602217	1
602530	1
602839	1
603146	1
603450	1
603772	1
604086	1
604392	1
604700	1
605012	1
605327	1
605648	1
605955	1
606269	1
606579	1
606896	1
607208	1
607515	1
607829	1
608130	1
608439	1
608748	1
609056	1
609368	1
609681	1
609998	1
610300	1
610598	1
610907	1
611205	1
611504	1
611810	1
612112	1
612413	1
612719	1
613023	1
613324	1
613616	1
613916	1
614212	1
614509	1
614809	1
615108	1
615400	1
615698	1
616006	1
616307	1
616604	1
616915	1
617215	1
617520	1
617828	1
618135	1
618440	1
618741	1
619053	1
619362	1
619665	1
619979	1
620284	1
620595	1
620908	1
621223	1
621534	1
621854	1
622170	1
622485	1
622789	1
623099	1
623404	1
623709	1
624013	1
624313	1
624616	1
624925	1
625233	1
625546	1
625850	1
626167	1
626479	1
626798	1
627111	1
627421	1
627722	1
628039	1
628350	1
628659	1
628971	1
629279	1
629591	1
629908	1
630220	1
630530	1
630836	1
631150	1
631457	1
631758	1
632059	1
632362	1
632666	1
632970	1
633279	1
633579	1
633879	1
634192	1
634493	1
634779	1
635060	1
635356	1
635645	1
635934	1
636224	1
636511	1
636800	1
637092	1
637385	1
637680	1
637964	1
638261	1
638551	1
638844	1
639143	1
639439	1
639737	1
640037	1
640340	1
640641	1
640937	1
641241	1
641543	1
641848	1
642159	1
642464	1
642772	1
643077	1
643389	1
643694	1
643987	1
644292	1
644591	1
644882	1
645179	1
645477	1
645764	1
646055	1
646356	1
646643	1
646941	1
647234	1
647525	1
647825	1
648121	1
648413	1
648713	1
649004	1
649295	1
649595	1
649885	1
