107914	1
108193	1
108471	1
108752	1
109032	1
109321	1
109598	1
109875	1
110162	1
110439	1
110708	1
110985	1
111258	1
111539	1
111814	1
112088	1
112370	1
112648	1
112922	1
113194	1
113466	1
113745	1
114012	1
114283	1
114557	1
114829	1
115093	1
115364	1
115641	1
115919	1
116193	1
116467	1
116746	1
117017	1
117292	1
117559	1
117825	1
118102	1
118366	1
118629	1
118903	1
119170	1
119432	1
119698	1
119963	1
120236	1
120503	1
120767	1
121039	1
121311	1
121579	1
121845	1
122114	1
122390	1
122655	1
122920	1
123194	1
123462	1
123723	1
123990	1
124257	1
124529	1
124796	1
125061	1
125337	1
125607	1
125789	10
126141	1
126408	1
126681	1
126944	1
127208	1
127481	1
127748	1
128012	1
128285	1
128555	1
128828	1
129102	1
129371	1
129648	1
129920	1
130189	1
130462	1
130729	1
131006	1
131281	1
131552	1
131828	1
132028	10
132364	1
132638	1
132907	1
133179	1
133450	1
133717	1
133994	1
134266	1
134534	1
134705	10
135072	1
135345	1
135618	1
135886	1
136157	1
136429	1
136697	1
136970	1
137235	1
137502	1
137780	1
138045	1
138312	1
138586	1
138858	1
139117	1
139384	1
139650	1
139921	1
140186	1
140451	1
140724	1
140902	10
141256	1
141526	1
141795	1
142070	1
142338	1
142607	1
142889	1
143162	1
143428	1
143702	1
143972	1
144247	1
144518	1
144785	1
145061	1
145326	1
145587	1
145854	1
146118	1
146386	1
146653	1
146916	1
147187	1
147455	1
147715	1
147988	1
148253	1
148523	1
148800	1
148988	10
149342	1
149613	1
149883	1
150071	10
150416	1
150689	1
150959	1
151226	1
151502	1
151774	1
152040	1
152312	1
152578	1
152756	10
153116	1
153384	1
153652	1
153828	10
154175	1
154442	1
154702	1
154965	1
155235	1
155498	1
155771	1
156050	1
156321	1
156510	10
156863	1
157129	1
157403	1
157669	1
157931	1
158197	1
158463	1
158724	1
158984	1
159248	1
159518	1
159775	1
160040	1
160312	1
160577	1
160837	1
161102	1
161362	1
161626	1
161892	1
162149	1
162418	1
162681	1
162942	1
163207	1
163473	1
163743	1
164011	1
164278	1
164550	1
164819	1
165002	10
165347	1
165608	1
165868	1
166136	1
166392	1
166649	1
166916	1
167178	1
167434	1
167698	1
167959	1
168140	10
168488	1
168752	1
169023	1
169285	1
169543	1
169748	10
170067	1
170328	1
170597	1
170849	1
171109	1
171375	1
171634	1
171892	1
172154	1
172417	1
172683	1
172948	1
173213	1
173399	10
173751	1
174013	1
174277	1
174536	1
174806	1
175069	1
175329	1
175597	1
175862	1
176122	1
176390	1
176564	10
176916	1
177188	1
177450	1
177720	1
177985	1
178252	1
178517	1
178711	10
179043	1
179315	1
179575	1
179836	1
180106	1
180366	1
180631	1
180895	1
181156	1
181343	10
181695	1
181961	1
182233	1
182505	1
182769	1
183038	1
183311	1
183491	10
183860	1
184133	1
184416	1
184599	10
184959	1
185231	1
185502	1
185777	1
186049	1
186321	1
186594	1
186868	1
187131	1
187397	1
187666	1
187940	1
188202	1
188465	1
188739	1
189005	1
189269	1
189535	1
189800	1
190073	1
190341	1
190517	10
190879	1
191148	1
191407	1
191671	1
191932	1
192203	1
192465	1
192726	1
192999	1
193264	1
193522	1
193792	1
194057	1
194320	1
194594	1
194859	1
195126	1
195397	1
195664	1
195852	10
196191	1
196462	1
196727	1
196991	1
197254	1
197522	1
197788	1
198052	1
198316	1
198578	1
198851	1
199117	1
199383	1
199563	10
199923	1
200184	1
200452	1
200716	1
200981	1
201244	1
201507	1
201777	1
202041	1
202307	1
202579	1
202845	1
203118	1
203393	1
203664	1
203842	10
204215	1
204489	1
204766	1
205039	1
205312	1
205492	10
205862	1
206146	1
206356	10
206696	1
206974	1
207246	1
207522	1
207800	1
208074	1
208359	1
208533	10
208907	1
209188	1
209465	1
209642	10
210013	1
210287	1
210564	1
210751	10
211103	1
211374	1
211642	1
211918	1
212184	1
212448	1
212725	1
212986	1
213245	1
213426	10
213773	1
214038	1
214302	1
214562	1
214831	1
215095	1
215353	1
215534	10
215879	1
216149	1
216416	1
216681	1
216951	1
217221	1
217488	1
217667	10
218040	1
218322	1
218535	10
218668	10
219060	1
219349	1
219632	1
219814	10
220185	1
220474	1
220760	1
220939	10
221324	1
221602	1
221874	1
222050	10
222421	1
222696	1
222971	1
223245	1
223530	1
223810	1
224089	1
224379	1
224662	1
224956	1
225241	1
225526	1
225818	1
226098	1
226374	1
226655	1
226922	1
227201	1
227469	1
227732	1
228009	1
228278	1
228541	1
228812	1
229083	1
229274	10
229630	1
229899	1
230176	1
230446	1
230708	1
230979	1
231245	1
231524	1
231798	1
232069	1
232356	1
232532	10
232910	1
233191	1
233474	1
233658	10
234035	1
234316	1
234601	1
234882	1
235155	1
235436	1
235716	1
236009	1
236287	1
236574	1
236866	1
237149	1
237429	1
237709	1
237985	1
238269	1
238547	1
238823	1
239100	1
239280	10
239647	1
239919	1
240195	1
240469	1
240740	1
241023	1
241294	1
241566	1
241844	1
242120	1
242400	1
242679	1
242859	10
243232	1
243507	1
243777	1
244052	1
244318	1
244498	10
244859	1
245126	1
245400	1
245668	1
245930	1
246201	1
246471	1
246745	1
247022	1
247296	1
247572	1
247851	1
248122	1
248396	1
248671	1
248848	10
249217	1
249491	1
249774	1
250044	1
250312	1
250589	1
250862	1
251146	1
251421	1
251597	10
251968	1
252244	1
252508	1
252780	1
253048	1
253322	1
253595	1
253865	1
254150	1
254428	1
254702	1
254984	1
255266	1
255558	1
255837	1
256118	1
256409	1
256692	1
256973	1
257252	1
257533	1
257818	1
258097	1
258380	1
258661	1
258942	1
259220	1
259496	1
259670	10
260058	1
260333	1
260610	1
260891	1
261165	1
261340	10
261714	1
261987	1
262269	1
262543	1
262821	1
262998	10
263373	1
263654	1
263928	1
264113	10
264488	1
264765	1
265050	1
265327	1
265601	1
265884	1
266168	1
266454	1
266746	1
267036	1
267330	1
267621	1
267913	1
268196	1
268486	1
268780	1
269058	1
269343	1
269632	1
269908	1
270191	1
270472	1
270754	1
271038	1
271319	1
271608	1
271892	1
272175	1
272460	1
272748	1
273042	1
273248	13
273602	1
273894	1
274175	1
274450	1
274728	1
275008	1
275292	1
275573	1
275861	1
276142	1
276422	1
276711	1
276992	1
277283	1
277565	1
277840	1
278133	1
278416	1
278689	1
278970	1
279250	1
279536	1
279813	1
280093	1
280373	1
280652	1
280929	1
281199	1
281480	1
281762	1
282031	1
282201	10
282582	1
282851	1
283127	1
283397	1
283664	1
283939	1
284213	1
284482	1
284757	1
285031	1
285306	1
285579	1
285860	1
286141	1
286415	1
286700	1
286978	1
287153	10
287531	1
287805	1
288078	1
288360	1
288638	1
288914	1
289199	1
289479	1
289757	1
290040	1
290326	1
290608	1
290887	1
291176	1
291457	1
291733	1
292018	1
292296	1
292576	1
292859	1
293140	1
293429	1
293712	1
293991	1
294276	1
294561	1
294849	1
295129	1
295409	1
295696	1
295979	1
296253	1
296529	1
296806	1
297091	1
297366	1
297645	1
297927	1
298208	1
298488	1
298769	1
298949	10
299289	1
299577	1
299762	10
300141	1
300418	1
300698	1
300972	1
301251	1
301534	1
301811	1
302101	1
302289	10
302655	1
302942	1
303221	1
303506	1
303784	1
304063	1
304347	1
304630	1
304908	1
305184	1
305466	1
305751	1
306030	1
306317	1
306604	1
306882	1
307171	1
307458	1
307742	1
308026	1
308309	1
308594	1
308878	1
309152	1
309427	1
309704	1
309988	1
310262	1
310534	1
310819	1
311093	1
311364	1
311642	1
311914	1
312193	1
312464	1
312737	1
313012	1
313285	1
313555	1
313821	1
314091	1
314368	1
314637	1
314903	1
315183	1
315456	1
315725	1
316003	1
316281	1
316562	1
316839	1
317116	1
317398	1
317677	1
317954	1
318228	1
318506	1
318793	1
319068	1
319348	1
319633	1
319913	1
320191	1
320472	1
320752	1
321036	1
321315	1
321596	1
321880	1
322157	1
322434	1
322707	1
322986	1
323264	1
323535	1
323813	1
324087	1
324361	1
324639	1
324912	1
325190	1
325467	1
325740	1
326019	1
326297	1
326567	1
326838	1
327112	1
327390	1
327667	1
327941	1
328225	1
328502	1
328775	1
329059	1
329334	1
329615	1
329895	1
330167	1
330457	1
330737	1
331013	1
331292	1
331572	1
331855	1
332131	1
332411	1
332695	1
332975	1
333258	1
333531	1
333811	1
334089	1
334361	1
334638	1
334914	1
335185	1
335458	1
335734	1
336009	1
336287	1
336563	1
336850	1
337132	1
337407	1
337698	1
337977	1
338263	1
338544	1
338819	1
339105	1
339386	1
339657	1
339931	1
340211	1
340491	1
340764	1
341044	1
341321	1
341597	1
341771	10
342139	1
342416	1
342694	1
342961	1
343231	1
343505	1
343773	1
343951	13
344300	1
344567	1
344839	1
345103	1
345370	1
345640	1
345912	1
346181	1
346450	1
346721	1
347001	1
347273	1
347543	1
347826	1
348095	1
348361	1
348636	1
348910	1
349189	1
349463	1
349738	1
350019	1
350297	1
350571	1
350844	1
351118	1
351395	1
351665	1
351933	1
352213	1
352479	1
352654	10
353010	1
353278	1
353549	1
353814	1
354080	1
354356	1
354627	1
354895	1
355164	1
355433	1
355705	1
355975	1
356239	1
356516	1
356783	1
357044	1
357318	1
357496	10
357856	1
358130	1
358399	1
358675	1
358946	1
359214	1
359485	1
359752	1
360024	1
360204	13
360685	1
361102	1
361365	1
361639	1
361906	1
362180	1
362452	1
362721	1
362999	1
363274	1
363539	1
363813	1
364084	1
364359	1
364628	1
364895	1
365172	1
365438	1
365699	1
365973	1
366235	1
366507	1
366780	1
367047	1
367327	1
367598	1
367866	1
368140	1
368411	1
368685	1
368951	1
369220	1
369499	1
369769	1
370028	1
370302	1
370571	1
370848	1
371116	1
371382	1
371662	1
371935	1
372200	1
372476	1
372746	1
373020	1
373291	1
373559	1
373839	1
374107	1
374278	10
374645	1
374914	1
375185	1
375453	1
375719	1
375996	1
376269	1
376532	1
376806	1
377080	1
377352	1
377534	10
377894	1
378173	1
378437	1
378699	1
378973	1
379237	1
379507	1
379780	1
380047	1
380319	1
380592	1
380862	1
381131	1
381312	10
381670	1
381944	1
382210	1
382479	1
382746	1
383012	1
383283	1
383542	1
383811	1
384087	1
384353	1
384623	1
384904	1
385082	10
385448	1
385723	1
385993	1
386270	1
386537	1
386806	1
387079	1
387345	1
387610	1
387874	1
388143	1
388419	1
388686	1
388861	10
389231	1
389506	1
389771	1
390041	1
390307	1
390576	1
390844	1
391109	1
391383	1
391652	1
391919	1
392189	1
392459	1
392641	10
393003	1
393273	1
393549	1
393822	1
394088	1
394355	1
394626	1
394902	1
395172	1
395443	1
395721	1
395994	1
396263	1
396534	1
396805	1
397084	1
397348	1
397618	1
397896	1
398170	1
398440	1
398616	10
398975	1
399253	1
399522	1
399789	1
400057	1
400323	1
400589	1
400851	1
401117	1
401387	1
401648	1
401914	1
402185	1
402454	1
402718	1
402984	1
403250	1
403527	1
403797	1
404068	1
404345	1
404619	1
404893	1
405063	10
405438	1
405718	1
405986	1
406259	1
406538	1
406815	1
407087	1
407262	10
407623	1
407904	1
408175	1
408440	1
408715	1
408986	1
409247	1
409513	1
409784	1
409962	10
410322	1
410590	1
410867	1
411137	1
411404	1
411678	1
411946	1
412125	10
412491	1
412758	1
413034	1
413304	1
413568	1
413836	1
414102	1
414373	1
414642	1
414911	1
415188	1
415458	1
415725	1
416001	1
416271	1
416547	1
416824	1
417093	1
417373	1
417644	1
417910	1
418182	1
418451	1
418724	1
418996	1
419266	1
419542	1
419720	10
420075	1
420350	1
420616	1
420890	1
421162	1
421424	1
421698	1
421965	1
422224	1
422493	1
422760	1
423029	1
423295	1
423560	1
423837	1
424105	1
424370	1
424644	1
424911	1
425090	10
425452	1
425717	1
425988	1
426252	1
426512	1
426779	1
427047	1
427317	1
427589	1
427859	1
428139	1
428411	1
428682	1
428961	1
429231	1
429515	1
429792	1
429963	10
430340	1
430615	1
430882	1
431156	1
431424	1
431700	1
431967	1
432235	1
432511	1
432784	1
433051	1
433323	1
433594	1
433770	10
434139	1
434406	1
434685	1
434955	1
435215	1
435483	1
435749	1
436021	1
436286	1
436555	1
436831	1
437010	10
437366	1
437636	1
437901	1
438175	1
438444	1
438706	1
438983	1
439249	1
439513	1
439785	1
440052	1
440320	1
440592	1
440858	1
441128	1
441398	1
441665	1
441933	1
442193	1
442461	1
442734	1
442995	1
443260	1
443529	1
443794	1
444057	1
444323	1
444585	1
444855	1
445119	1
445385	1
445659	1
445930	1
446193	1
446456	1
446722	1
446990	1
447254	1
447514	1
447787	1
448049	1
448306	1
448575	1
448836	1
449103	1
449370	1
449636	1
449907	1
450174	1
450435	1
450701	1
450964	1
451227	1
451493	1
451752	1
452019	1
452279	1
452539	1
452804	1
453063	1
453324	1
453593	1
453857	1
454029	10
454388	1
454657	1
454919	1
455179	1
455443	1
455709	1
455968	1
456229	1
456493	1
456755	1
457014	1
457278	1
457537	1
457714	10
458067	1
458331	1
458601	1
458867	1
459127	1
459389	1
459652	1
459919	1
460181	1
460441	1
460715	1
460890	10
461236	1
461507	1
461770	1
462037	1
462301	1
462566	1
462839	1
463014	10
463361	1
463629	1
463891	1
464154	1
464418	1
464677	1
464945	1
465204	1
465466	1
465637	10
465991	1
466256	1
466522	1
466786	1
467048	1
467318	1
467586	1
467847	1
468108	1
468372	1
468640	1
468900	1
469158	1
469427	1
469688	1
469947	1
470215	1
470477	1
470746	1
471015	1
471278	1
471550	1
471818	1
472080	1
472343	1
472516	10
472869	1
473142	1
473401	1
473668	1
473933	1
474199	1
474469	1
474731	1
474999	1
475269	1
475535	1
475800	1
476076	1
476345	1
476606	1
476874	1
477143	1
477415	1
477682	1
477949	1
478220	1
478394	10
478753	1
479019	1
479286	1
479556	1
479821	1
480086	1
480364	1
480632	1
480894	1
481163	1
481433	1
481706	1
481972	1
482152	10
482507	1
482778	1
483039	1
483308	1
483574	1
483848	1
484117	1
484380	1
484659	1
484927	1
485188	1
485459	1
485731	1
485912	10
486269	1
486535	1
486807	1
487075	1
487337	1
487602	1
490543	1
490806	1
491066	1
491331	1
491590	1
491860	1
492118	1
492387	1
492653	1
492917	1
493194	1
493461	1
493723	1
493994	1
494261	1
494439	10
494796	1
495063	1
495335	1
495595	1
495856	1
496127	1
496386	1
496655	1
496927	1
497190	1
497461	1
497639	10
497994	1
498261	1
498528	1
498788	1
499061	1
499320	1
499582	1
499847	1
500110	1
500374	1
500635	1
502778	1
503042	1
503312	1
503582	1
503850	1
504121	1
504391	1
504658	1
504927	1
505196	1
505468	1
505882	1
506006	13
506283	1
506549	1
506811	1
507082	1
507347	1
507612	1
507879	1
508142	1
508405	1
508669	1
508930	1
509192	1
509450	1
509713	1
509983	1
510248	1
510522	1
510797	1
511072	1
511347	1
511520	10
511887	1
512165	1
512428	1
512692	1
512963	1
513230	1
513497	1
513759	1
514029	1
514301	1
514565	1
514835	1
515106	1
515374	1
515642	1
515908	1
516176	1
516450	1
516715	1
516882	10
517250	1
517522	1
517790	1
518054	1
518324	1
518596	1
518863	1
519138	1
519410	1
519675	1
519944	1
520208	1
520470	1
520734	1
520989	1
521244	1
521507	1
521771	1
522029	1
522203	10
522548	1
522816	1
523076	1
523335	1
523605	1
523863	1
524113	1
524371	1
524625	1
524883	1
525139	1
525395	1
525655	1
525912	1
526169	1
526433	1
526687	1
526952	1
527218	1
527478	1
527745	1
527934	10
528272	1
528533	1
528790	1
529048	1
529310	1
529566	1
529822	1
530086	1
530346	1
530602	1
530863	1
531123	1
531389	1
531651	1
531914	1
532182	1
532445	1
532710	1
532974	1
533232	1
533493	1
533763	1
534021	1
534276	1
534543	1
534806	1
535064	1
535323	1
535584	1
535848	1
536106	1
536367	1
536635	1
536895	1
537151	1
537416	1
537676	1
537940	1
538199	1
538455	1
538715	1
538973	1
539231	1
539490	1
539748	1
540014	1
540283	1
540548	1
540821	1
541096	1
541370	1
541639	1
541905	1
542097	10
542444	1
542702	1
542957	1
543226	1
543490	1
543749	1
544009	1
544273	1
544541	1
544804	1
545066	1
545333	1
545600	1
545859	1
546124	1
546389	1
546659	1
546920	1
547179	1
547453	1
547718	1
547974	1
548235	1
548500	1
548765	1
549031	1
549294	1
549567	1
549833	1
550092	1
550359	1
550543	10
550888	1
551156	1
551414	1
551686	1
551956	1
552214	1
552485	1
552656	10
553034	1
553307	1
553579	1
553859	1
554128	1
554394	1
554667	1
554934	1
555207	1
555468	1
555730	1
556007	1
556262	1
556516	1
556780	1
557041	1
557304	1
557567	1
557828	1
558091	1
558350	1
558536	10
558680	10
559051	1
559314	1
559582	1
559838	1
560093	1
560359	1
560619	1
560873	1
561137	1
561400	1
561665	1
561934	1
562201	1
562473	1
562737	1
563003	1
563268	1
563528	1
563791	1
563975	10
564318	1
564580	1
564850	1
565113	1
565374	1
565636	1
565897	1
566159	1
566421	1
566616	10
566943	1
567206	1
567458	1
567720	1
567978	1
568243	1
568504	1
568766	1
569033	1
569303	1
569566	1
569835	1
570105	1
570370	1
570644	1
570913	1
571181	1
571449	1
571712	1
571976	1
572237	1
572503	1
572768	1
573027	1
573290	1
573557	1
573817	1
574080	1
574342	1
574516	10
574872	1
575134	1
575394	1
575660	1
575922	1
576180	1
576436	1
576695	1
576961	1
577216	1
577472	1
577742	1
578002	1
578259	1
578524	1
578788	1
579051	1
579316	1
579582	1
579856	1
580124	1
580384	1
580651	1
580912	1
581183	1
581439	1
581694	1
581961	1
582222	1
582475	1
582741	1
583002	1
583264	1
583530	1
583705	10
584058	1
584320	1
584573	1
584830	1
585083	1
585340	1
585603	1
585855	1
586110	1
586374	1
586633	1
586885	1
587144	1
587404	1
587666	1
587928	1
588186	1
588452	1
588712	1
588965	1
589221	1
589479	1
589737	1
589998	1
590250	1
590504	1
590763	1
591015	1
591266	1
591517	1
591767	1
592021	1
592277	1
592525	1
592782	1
593034	1
593286	1
593537	1
593789	1
594044	1
594303	1
594553	1
594806	1
595068	1
595322	1
595576	1
595833	1
596089	1
596349	1
596609	1
596867	1
597130	1
597391	1
597648	1
597908	1
598166	1
598427	1
598690	1
598945	1
599198	1
599464	1
599718	1
599971	1
600227	1
600481	1
600742	1
601009	1
601255	1
601519	1
601774	1
602025	1
602281	1
602532	1
602788	1
603044	1
603294	1
603549	1
603809	1
604064	1
604317	1
604574	1
604830	1
605098	1
605360	1
605615	1
605880	1
606144	1
606398	1
606659	1
606918	1
607179	1
607432	1
607685	1
607951	1
608205	1
608453	1
608713	1
608970	1
609223	1
609485	1
609743	1
610005	1
610270	1
610528	1
610789	1
611046	1
611311	1
611577	1
611832	1
612092	1
612357	1
612616	1
612875	1
613133	1
613393	1
613655	1
613913	1
614170	1
614435	1
614696	1
614949	1
615206	1
615463	1
615723	1
615977	1
616234	1
616496	1
616753	1
617007	1
617269	1
617524	1
617774	1
618037	1
618292	1
618546	1
618804	1
619064	1
619312	1
619566	1
619823	1
620089	1
620343	1
620599	1
620859	1
621117	1
621369	1
621626	1
621879	1
622136	1
622398	1
622655	1
622913	1
623179	1
623446	1
623701	1
623966	1
624229	1
624495	1
624755	1
624929	10
625280	1
625540	1
625795	1
626057	1
626313	1
626571	1
626835	1
627094	1
627358	1
627622	1
627882	1
628142	1
628402	1
628664	1
628927	1
629182	1
629440	1
629703	1
629960	1
630217	1
630476	1
630731	1
630995	1
631255	1
631513	1
631783	1
632043	1
632295	1
632556	1
632811	1
633067	1
633322	1
633579	1
633841	1
634100	1
634358	1
634619	1
634875	1
635136	1
635405	1
635662	1
635927	1
636197	1
636463	1
636723	1
636985	1
637248	1
637512	1
637770	1
638029	1
638290	1
638545	1
638802	1
639058	1
639313	1
639577	1
639839	1
640097	1
640365	1
640630	1
640885	1
641146	1
641403	1
641667	1
641926	1
642186	1
642456	1
642715	1
642972	1
643237	1
643498	1
643757	1
644023	1
644282	1
644547	1
644810	1
645064	1
645320	1
645576	1
645835	1
646099	1
646348	1
646603	1
646865	1
647123	1
647376	1
647633	1
647888	1
648153	1
648414	1
648672	1
648942	1
649200	1
649451	1
649710	1
